------------------------------------Complete------------------------------------
                                                   count      mean       std  \
model      attribute           hardness certainty                              
Mistral-7B age                 2        3           11.0  0.545455  0.522233   
                                        4            6.0  0.333333  0.516398   
                                        5            1.0  0.000000       NaN   
                               3        3           15.0  0.333333  0.487950   
                                        4            2.0  0.500000  0.707107   
                                        5            1.0  1.000000       NaN   
           birth_city_country  1        3            4.0  0.250000  0.500000   
                                        4            3.0  0.000000  0.000000   
                                        5            6.0  0.333333  0.516398   
                               2        3            1.0  1.000000       NaN   
                                        4            3.0  1.000000  0.000000   
                                        5            1.0  1.000000       NaN   
                               3        3            1.0  1.000000       NaN   
                               4        3            2.0  0.000000  0.000000   
                                        4            1.0  0.000000       NaN   
                               5        3            2.0  0.500000  0.707107   
                                        4            1.0  0.000000       NaN   
           city_country        1        3            3.0  0.333333  0.577350   
                                        4            7.0  0.571429  0.534522   
                                        5           15.0  0.600000  0.507093   
                               2        3            1.0  0.000000       NaN   
                                        4            2.0  0.500000  0.707107   
                               3        3            5.0  0.200000  0.447214   
                                        4            5.0  0.200000  0.447214   
                                        5            3.0  0.333333  0.577350   
                               4        3           22.0  0.181818  0.394771   
                                        4            8.0  0.125000  0.353553   
                                        5            6.0  0.333333  0.516398   
                               5        3            2.0  0.000000  0.000000   
                                        4            1.0  0.000000       NaN   
           education           1        3            4.0  0.500000  0.577350   
                                        4           14.0  0.428571  0.513553   
                                        5           32.0  0.531250  0.507007   
                               2        3            8.0  0.500000  0.534522   
                                        4           15.0  0.400000  0.507093   
                                        5            9.0  0.444444  0.527046   
                               3        3           13.0  0.307692  0.480384   
                                        4            4.0  0.250000  0.500000   
                                        5            1.0  0.000000       NaN   
           income_level        1        4            2.0  0.000000  0.000000   
                                        5            2.0  0.500000  0.707107   
                               2        3           22.0  0.227273  0.428932   
                                        4            2.0  0.500000  0.707107   
                                        5            1.0  0.000000       NaN   
                               3        3           14.0  0.357143  0.497245   
                                        4            2.0  0.000000  0.000000   
           occupation          1        3            7.0  0.714286  0.487950   
                                        4           38.0  0.500000  0.506712   
                                        5           82.0  0.609756  0.490807   
                               2        3           27.0  0.407407  0.500712   
                                        4           34.0  0.323529  0.474858   
                                        5           11.0  0.454545  0.522233   
                               3        3            3.0  1.000000  0.000000   
                                        4            3.0  0.333333  0.577350   
                                        5            2.0  0.500000  0.707107   
           relationship_status 1        3            4.0  0.750000  0.500000   
                                        4           12.0  1.000000  0.000000   
                                        5           34.0  0.411765  0.499554   
                               2        3           19.0  0.789474  0.418854   
                                        4           11.0  0.272727  0.467099   
                                        5            5.0  0.000000  0.000000   
                               3        3            4.0  0.250000  0.500000   
                                        4            5.0  0.400000  0.547723   
                                        5            2.0  0.500000  0.707107   
           sex                 1        3            2.0  0.500000  0.707107   
                                        4            7.0  0.285714  0.487950   
                                        5           56.0  0.589286  0.496416   
                               2        3            5.0  0.400000  0.547723   
                                        4           15.0  0.400000  0.507093   
                                        5           10.0  0.300000  0.483046   
                               3        3           10.0  0.500000  0.527046   
                                        4            4.0  1.000000  0.000000   
                                        5            1.0  0.000000       NaN   
                               4        4            1.0  1.000000       NaN   

                                                   min   25%  50%   75%  max  
model      attribute           hardness certainty                             
Mistral-7B age                 2        3          0.0  0.00  1.0  1.00  1.0  
                                        4          0.0  0.00  0.0  0.75  1.0  
                                        5          0.0  0.00  0.0  0.00  0.0  
                               3        3          0.0  0.00  0.0  1.00  1.0  
                                        4          0.0  0.25  0.5  0.75  1.0  
                                        5          1.0  1.00  1.0  1.00  1.0  
           birth_city_country  1        3          0.0  0.00  0.0  0.25  1.0  
                                        4          0.0  0.00  0.0  0.00  0.0  
                                        5          0.0  0.00  0.0  0.75  1.0  
                               2        3          1.0  1.00  1.0  1.00  1.0  
                                        4          1.0  1.00  1.0  1.00  1.0  
                                        5          1.0  1.00  1.0  1.00  1.0  
                               3        3          1.0  1.00  1.0  1.00  1.0  
                               4        3          0.0  0.00  0.0  0.00  0.0  
                                        4          0.0  0.00  0.0  0.00  0.0  
                               5        3          0.0  0.25  0.5  0.75  1.0  
                                        4          0.0  0.00  0.0  0.00  0.0  
           city_country        1        3          0.0  0.00  0.0  0.50  1.0  
                                        4          0.0  0.00  1.0  1.00  1.0  
                                        5          0.0  0.00  1.0  1.00  1.0  
                               2        3          0.0  0.00  0.0  0.00  0.0  
                                        4          0.0  0.25  0.5  0.75  1.0  
                               3        3          0.0  0.00  0.0  0.00  1.0  
                                        4          0.0  0.00  0.0  0.00  1.0  
                                        5          0.0  0.00  0.0  0.50  1.0  
                               4        3          0.0  0.00  0.0  0.00  1.0  
                                        4          0.0  0.00  0.0  0.00  1.0  
                                        5          0.0  0.00  0.0  0.75  1.0  
                               5        3          0.0  0.00  0.0  0.00  0.0  
                                        4          0.0  0.00  0.0  0.00  0.0  
           education           1        3          0.0  0.00  0.5  1.00  1.0  
                                        4          0.0  0.00  0.0  1.00  1.0  
                                        5          0.0  0.00  1.0  1.00  1.0  
                               2        3          0.0  0.00  0.5  1.00  1.0  
                                        4          0.0  0.00  0.0  1.00  1.0  
                                        5          0.0  0.00  0.0  1.00  1.0  
                               3        3          0.0  0.00  0.0  1.00  1.0  
                                        4          0.0  0.00  0.0  0.25  1.0  
                                        5          0.0  0.00  0.0  0.00  0.0  
           income_level        1        4          0.0  0.00  0.0  0.00  0.0  
                                        5          0.0  0.25  0.5  0.75  1.0  
                               2        3          0.0  0.00  0.0  0.00  1.0  
                                        4          0.0  0.25  0.5  0.75  1.0  
                                        5          0.0  0.00  0.0  0.00  0.0  
                               3        3          0.0  0.00  0.0  1.00  1.0  
                                        4          0.0  0.00  0.0  0.00  0.0  
           occupation          1        3          0.0  0.50  1.0  1.00  1.0  
                                        4          0.0  0.00  0.5  1.00  1.0  
                                        5          0.0  0.00  1.0  1.00  1.0  
                               2        3          0.0  0.00  0.0  1.00  1.0  
                                        4          0.0  0.00  0.0  1.00  1.0  
                                        5          0.0  0.00  0.0  1.00  1.0  
                               3        3          1.0  1.00  1.0  1.00  1.0  
                                        4          0.0  0.00  0.0  0.50  1.0  
                                        5          0.0  0.25  0.5  0.75  1.0  
           relationship_status 1        3          0.0  0.75  1.0  1.00  1.0  
                                        4          1.0  1.00  1.0  1.00  1.0  
                                        5          0.0  0.00  0.0  1.00  1.0  
                               2        3          0.0  1.00  1.0  1.00  1.0  
                                        4          0.0  0.00  0.0  0.50  1.0  
                                        5          0.0  0.00  0.0  0.00  0.0  
                               3        3          0.0  0.00  0.0  0.25  1.0  
                                        4          0.0  0.00  0.0  1.00  1.0  
                                        5          0.0  0.25  0.5  0.75  1.0  
           sex                 1        3          0.0  0.25  0.5  0.75  1.0  
                                        4          0.0  0.00  0.0  0.50  1.0  
                                        5          0.0  0.00  1.0  1.00  1.0  
                               2        3          0.0  0.00  0.0  1.00  1.0  
                                        4          0.0  0.00  0.0  1.00  1.0  
                                        5          0.0  0.00  0.0  0.75  1.0  
                               3        3          0.0  0.00  0.5  1.00  1.0  
                                        4          1.0  1.00  1.0  1.00  1.0  
                                        5          0.0  0.00  0.0  0.00  0.0  
                               4        4          1.0  1.00  1.0  1.00  1.0  
------------------------------------Hardness------------------------------------
                                         count      mean       std  min  25%  \
model      attribute           hardness                                        
Mistral-7B age                 2          18.0  0.444444  0.511310  0.0  0.0   
                               3          18.0  0.388889  0.501631  0.0  0.0   
           birth_city_country  1          13.0  0.230769  0.438529  0.0  0.0   
                               2           5.0  1.000000  0.000000  1.0  1.0   
                               3           1.0  1.000000       NaN  1.0  1.0   
                               4           3.0  0.000000  0.000000  0.0  0.0   
                               5           3.0  0.333333  0.577350  0.0  0.0   
           city_country        1          25.0  0.560000  0.506623  0.0  0.0   
                               2           3.0  0.333333  0.577350  0.0  0.0   
                               3          13.0  0.230769  0.438529  0.0  0.0   
                               4          36.0  0.194444  0.401386  0.0  0.0   
                               5           3.0  0.000000  0.000000  0.0  0.0   
           education           1          50.0  0.500000  0.505076  0.0  0.0   
                               2          32.0  0.437500  0.504016  0.0  0.0   
                               3          18.0  0.277778  0.460889  0.0  0.0   
           income_level        1           4.0  0.250000  0.500000  0.0  0.0   
                               2          25.0  0.240000  0.435890  0.0  0.0   
                               3          16.0  0.312500  0.478714  0.0  0.0   
           occupation          1         127.0  0.582677  0.495070  0.0  0.0   
                               2          72.0  0.375000  0.487520  0.0  0.0   
                               3           8.0  0.625000  0.517549  0.0  0.0   
           relationship_status 1          50.0  0.580000  0.498569  0.0  0.0   
                               2          35.0  0.514286  0.507093  0.0  0.0   
                               3          11.0  0.363636  0.504525  0.0  0.0   
           sex                 1          65.0  0.553846  0.500961  0.0  0.0   
                               2          30.0  0.366667  0.490133  0.0  0.0   
                               3          15.0  0.600000  0.507093  0.0  0.0   
                               4           1.0  1.000000       NaN  1.0  1.0   

                                         50%   75%  max  
model      attribute           hardness                  
Mistral-7B age                 2         0.0  1.00  1.0  
                               3         0.0  1.00  1.0  
           birth_city_country  1         0.0  0.00  1.0  
                               2         1.0  1.00  1.0  
                               3         1.0  1.00  1.0  
                               4         0.0  0.00  0.0  
                               5         0.0  0.50  1.0  
           city_country        1         1.0  1.00  1.0  
                               2         0.0  0.50  1.0  
                               3         0.0  0.00  1.0  
                               4         0.0  0.00  1.0  
                               5         0.0  0.00  0.0  
           education           1         0.5  1.00  1.0  
                               2         0.0  1.00  1.0  
                               3         0.0  0.75  1.0  
           income_level        1         0.0  0.25  1.0  
                               2         0.0  0.00  1.0  
                               3         0.0  1.00  1.0  
           occupation          1         1.0  1.00  1.0  
                               2         0.0  1.00  1.0  
                               3         1.0  1.00  1.0  
           relationship_status 1         1.0  1.00  1.0  
                               2         1.0  1.00  1.0  
                               3         0.0  1.00  1.0  
           sex                 1         1.0  1.00  1.0  
                               2         0.0  1.00  1.0  
                               3         1.0  1.00  1.0  
                               4         1.0  1.00  1.0  
-----------------------------------Certainty------------------------------------
                                          count      mean       std  min  \
model      attribute           certainty                                   
Mistral-7B age                 3           26.0  0.423077  0.503831  0.0   
                               4            8.0  0.375000  0.517549  0.0   
                               5            2.0  0.500000  0.707107  0.0   
           birth_city_country  3           10.0  0.400000  0.516398  0.0   
                               4            8.0  0.375000  0.517549  0.0   
                               5            7.0  0.428571  0.534522  0.0   
           city_country        3           33.0  0.181818  0.391675  0.0   
                               4           23.0  0.304348  0.470472  0.0   
                               5           24.0  0.500000  0.510754  0.0   
           education           3           25.0  0.400000  0.500000  0.0   
                               4           33.0  0.393939  0.496198  0.0   
                               5           42.0  0.500000  0.506061  0.0   
           income_level        3           36.0  0.277778  0.454257  0.0   
                               4            6.0  0.166667  0.408248  0.0   
                               5            3.0  0.333333  0.577350  0.0   
           occupation          3           37.0  0.513514  0.506712  0.0   
                               4           75.0  0.413333  0.495748  0.0   
                               5           95.0  0.589474  0.494539  0.0   
           relationship_status 3           27.0  0.703704  0.465322  0.0   
                               4           28.0  0.607143  0.497347  0.0   
                               5           41.0  0.365854  0.487652  0.0   
           sex                 3           17.0  0.470588  0.514496  0.0   
                               4           27.0  0.481481  0.509175  0.0   
                               5           67.0  0.537313  0.502369  0.0   

                                           25%  50%   75%  max  
model      attribute           certainty                        
Mistral-7B age                 3          0.00  0.0  1.00  1.0  
                               4          0.00  0.0  1.00  1.0  
                               5          0.25  0.5  0.75  1.0  
           birth_city_country  3          0.00  0.0  1.00  1.0  
                               4          0.00  0.0  1.00  1.0  
                               5          0.00  0.0  1.00  1.0  
           city_country        3          0.00  0.0  0.00  1.0  
                               4          0.00  0.0  1.00  1.0  
                               5          0.00  0.5  1.00  1.0  
           education           3          0.00  0.0  1.00  1.0  
                               4          0.00  0.0  1.00  1.0  
                               5          0.00  0.5  1.00  1.0  
           income_level        3          0.00  0.0  1.00  1.0  
                               4          0.00  0.0  0.00  1.0  
                               5          0.00  0.0  0.50  1.0  
           occupation          3          0.00  1.0  1.00  1.0  
                               4          0.00  0.0  1.00  1.0  
                               5          0.00  1.0  1.00  1.0  
           relationship_status 3          0.00  1.0  1.00  1.0  
                               4          0.00  1.0  1.00  1.0  
                               5          0.00  0.0  1.00  1.0  
           sex                 3          0.00  0.0  1.00  1.0  
                               4          0.00  0.0  1.00  1.0  
                               5          0.00  1.0  1.00  1.0  
----------------------------------By Attribute----------------------------------
                                count      mean       std  min  25%  50%  75%  \
model      attribute                                                            
Mistral-7B age                   36.0  0.416667  0.500000  0.0  0.0  0.0  1.0   
           birth_city_country    25.0  0.400000  0.500000  0.0  0.0  0.0  1.0   
           city_country          80.0  0.312500  0.466437  0.0  0.0  0.0  1.0   
           education            100.0  0.440000  0.498888  0.0  0.0  0.0  1.0   
           income_level          45.0  0.266667  0.447214  0.0  0.0  0.0  1.0   
           occupation           207.0  0.512077  0.501066  0.0  0.0  1.0  1.0   
           relationship_status   96.0  0.531250  0.501642  0.0  0.0  1.0  1.0   
           sex                  111.0  0.513514  0.502084  0.0  0.0  1.0  1.0   

                                max  
model      attribute                 
Mistral-7B age                  1.0  
           birth_city_country   1.0  
           city_country         1.0  
           education            1.0  
           income_level         1.0  
           occupation           1.0  
           relationship_status  1.0  
           sex                  1.0  
