------------------------------------Complete------------------------------------
                                                      count      mean  \
model         attribute           hardness certainty                    
Mixtral-8x22B age                 2        3           11.0  0.818182   
                                           4            6.0  0.666667   
                                           5            1.0  1.000000   
                                  3        3           15.0  0.333333   
                                           4            2.0  1.000000   
                                           5            1.0  1.000000   
              birth_city_country  1        3            4.0  1.000000   
                                           4            3.0  1.000000   
                                           5            6.0  0.833333   
                                  2        3            1.0  0.000000   
                                           4            3.0  1.000000   
                                           5            1.0  1.000000   
                                  3        3            1.0  1.000000   
                                  4        3            2.0  0.500000   
                                           4            1.0  1.000000   
                                  5        3            2.0  0.500000   
                                           4            1.0  1.000000   
              city_country        1        3            3.0  1.000000   
                                           4            7.0  1.000000   
                                           5           15.0  0.933333   
                                  2        3            1.0  1.000000   
                                           4            2.0  1.000000   
                                  3        3            5.0  1.000000   
                                           4            5.0  0.800000   
                                           5            3.0  1.000000   
                                  4        3           22.0  0.727273   
                                           4            8.0  0.750000   
                                           5            6.0  0.833333   
                                  5        3            2.0  0.500000   
                                           4            1.0  0.000000   
              education           1        3            4.0  0.500000   
                                           4           14.0  0.785714   
                                           5           32.0  0.687500   
                                  2        3            8.0  0.625000   
                                           4           15.0  0.466667   
                                           5            9.0  0.555556   
                                  3        3           13.0  0.461538   
                                           4            4.0  0.250000   
                                           5            1.0  0.000000   
              income_level        1        4            2.0  1.000000   
                                           5            2.0  1.000000   
                                  2        3           22.0  0.545455   
                                           4            2.0  1.000000   
                                           5            1.0  1.000000   
                                  3        3           14.0  0.571429   
                                           4            2.0  0.000000   
              occupation          1        3            7.0  0.714286   
                                           4           38.0  0.684211   
                                           5           82.0  0.719512   
                                  2        3           27.0  0.555556   
                                           4           34.0  0.529412   
                                           5           11.0  0.818182   
                                  3        3            3.0  0.666667   
                                           4            3.0  1.000000   
                                           5            2.0  0.500000   
              relationship_status 1        3            4.0  1.000000   
                                           4           12.0  1.000000   
                                           5           34.0  0.852941   
                                  2        3           19.0  0.736842   
                                           4           11.0  0.636364   
                                           5            5.0  0.800000   
                                  3        3            4.0  0.500000   
                                           4            5.0  0.800000   
                                           5            2.0  1.000000   
              sex                 1        3            2.0  1.000000   
                                           4            7.0  0.714286   
                                           5           56.0  0.857143   
                                  2        3            5.0  0.600000   
                                           4           15.0  0.933333   
                                           5           10.0  0.500000   
                                  3        3           10.0  0.600000   
                                           4            4.0  1.000000   
                                           5            1.0  1.000000   
                                  4        4            1.0  1.000000   

                                                           std  min   25%  \
model         attribute           hardness certainty                        
Mixtral-8x22B age                 2        3          0.404520  0.0  1.00   
                                           4          0.516398  0.0  0.25   
                                           5               NaN  1.0  1.00   
                                  3        3          0.487950  0.0  0.00   
                                           4          0.000000  1.0  1.00   
                                           5               NaN  1.0  1.00   
              birth_city_country  1        3          0.000000  1.0  1.00   
                                           4          0.000000  1.0  1.00   
                                           5          0.408248  0.0  1.00   
                                  2        3               NaN  0.0  0.00   
                                           4          0.000000  1.0  1.00   
                                           5               NaN  1.0  1.00   
                                  3        3               NaN  1.0  1.00   
                                  4        3          0.707107  0.0  0.25   
                                           4               NaN  1.0  1.00   
                                  5        3          0.707107  0.0  0.25   
                                           4               NaN  1.0  1.00   
              city_country        1        3          0.000000  1.0  1.00   
                                           4          0.000000  1.0  1.00   
                                           5          0.258199  0.0  1.00   
                                  2        3               NaN  1.0  1.00   
                                           4          0.000000  1.0  1.00   
                                  3        3          0.000000  1.0  1.00   
                                           4          0.447214  0.0  1.00   
                                           5          0.000000  1.0  1.00   
                                  4        3          0.455842  0.0  0.25   
                                           4          0.462910  0.0  0.75   
                                           5          0.408248  0.0  1.00   
                                  5        3          0.707107  0.0  0.25   
                                           4               NaN  0.0  0.00   
              education           1        3          0.577350  0.0  0.00   
                                           4          0.425815  0.0  1.00   
                                           5          0.470929  0.0  0.00   
                                  2        3          0.517549  0.0  0.00   
                                           4          0.516398  0.0  0.00   
                                           5          0.527046  0.0  0.00   
                                  3        3          0.518875  0.0  0.00   
                                           4          0.500000  0.0  0.00   
                                           5               NaN  0.0  0.00   
              income_level        1        4          0.000000  1.0  1.00   
                                           5          0.000000  1.0  1.00   
                                  2        3          0.509647  0.0  0.00   
                                           4          0.000000  1.0  1.00   
                                           5               NaN  1.0  1.00   
                                  3        3          0.513553  0.0  0.00   
                                           4          0.000000  0.0  0.00   
              occupation          1        3          0.487950  0.0  0.50   
                                           4          0.471069  0.0  0.00   
                                           5          0.452002  0.0  0.00   
                                  2        3          0.506370  0.0  0.00   
                                           4          0.506640  0.0  0.00   
                                           5          0.404520  0.0  1.00   
                                  3        3          0.577350  0.0  0.50   
                                           4          0.000000  1.0  1.00   
                                           5          0.707107  0.0  0.25   
              relationship_status 1        3          0.000000  1.0  1.00   
                                           4          0.000000  1.0  1.00   
                                           5          0.359491  0.0  1.00   
                                  2        3          0.452414  0.0  0.50   
                                           4          0.504525  0.0  0.00   
                                           5          0.447214  0.0  1.00   
                                  3        3          0.577350  0.0  0.00   
                                           4          0.447214  0.0  1.00   
                                           5          0.000000  1.0  1.00   
              sex                 1        3          0.000000  1.0  1.00   
                                           4          0.487950  0.0  0.50   
                                           5          0.353094  0.0  1.00   
                                  2        3          0.547723  0.0  0.00   
                                           4          0.258199  0.0  1.00   
                                           5          0.527046  0.0  0.00   
                                  3        3          0.516398  0.0  0.00   
                                           4          0.000000  1.0  1.00   
                                           5               NaN  1.0  1.00   
                                  4        4               NaN  1.0  1.00   

                                                      50%   75%  max  
model         attribute           hardness certainty                  
Mixtral-8x22B age                 2        3          1.0  1.00  1.0  
                                           4          1.0  1.00  1.0  
                                           5          1.0  1.00  1.0  
                                  3        3          0.0  1.00  1.0  
                                           4          1.0  1.00  1.0  
                                           5          1.0  1.00  1.0  
              birth_city_country  1        3          1.0  1.00  1.0  
                                           4          1.0  1.00  1.0  
                                           5          1.0  1.00  1.0  
                                  2        3          0.0  0.00  0.0  
                                           4          1.0  1.00  1.0  
                                           5          1.0  1.00  1.0  
                                  3        3          1.0  1.00  1.0  
                                  4        3          0.5  0.75  1.0  
                                           4          1.0  1.00  1.0  
                                  5        3          0.5  0.75  1.0  
                                           4          1.0  1.00  1.0  
              city_country        1        3          1.0  1.00  1.0  
                                           4          1.0  1.00  1.0  
                                           5          1.0  1.00  1.0  
                                  2        3          1.0  1.00  1.0  
                                           4          1.0  1.00  1.0  
                                  3        3          1.0  1.00  1.0  
                                           4          1.0  1.00  1.0  
                                           5          1.0  1.00  1.0  
                                  4        3          1.0  1.00  1.0  
                                           4          1.0  1.00  1.0  
                                           5          1.0  1.00  1.0  
                                  5        3          0.5  0.75  1.0  
                                           4          0.0  0.00  0.0  
              education           1        3          0.5  1.00  1.0  
                                           4          1.0  1.00  1.0  
                                           5          1.0  1.00  1.0  
                                  2        3          1.0  1.00  1.0  
                                           4          0.0  1.00  1.0  
                                           5          1.0  1.00  1.0  
                                  3        3          0.0  1.00  1.0  
                                           4          0.0  0.25  1.0  
                                           5          0.0  0.00  0.0  
              income_level        1        4          1.0  1.00  1.0  
                                           5          1.0  1.00  1.0  
                                  2        3          1.0  1.00  1.0  
                                           4          1.0  1.00  1.0  
                                           5          1.0  1.00  1.0  
                                  3        3          1.0  1.00  1.0  
                                           4          0.0  0.00  0.0  
              occupation          1        3          1.0  1.00  1.0  
                                           4          1.0  1.00  1.0  
                                           5          1.0  1.00  1.0  
                                  2        3          1.0  1.00  1.0  
                                           4          1.0  1.00  1.0  
                                           5          1.0  1.00  1.0  
                                  3        3          1.0  1.00  1.0  
                                           4          1.0  1.00  1.0  
                                           5          0.5  0.75  1.0  
              relationship_status 1        3          1.0  1.00  1.0  
                                           4          1.0  1.00  1.0  
                                           5          1.0  1.00  1.0  
                                  2        3          1.0  1.00  1.0  
                                           4          1.0  1.00  1.0  
                                           5          1.0  1.00  1.0  
                                  3        3          0.5  1.00  1.0  
                                           4          1.0  1.00  1.0  
                                           5          1.0  1.00  1.0  
              sex                 1        3          1.0  1.00  1.0  
                                           4          1.0  1.00  1.0  
                                           5          1.0  1.00  1.0  
                                  2        3          1.0  1.00  1.0  
                                           4          1.0  1.00  1.0  
                                           5          0.5  1.00  1.0  
                                  3        3          1.0  1.00  1.0  
                                           4          1.0  1.00  1.0  
                                           5          1.0  1.00  1.0  
                                  4        4          1.0  1.00  1.0  
------------------------------------Hardness------------------------------------
                                            count      mean       std  min  \
model         attribute           hardness                                   
Mixtral-8x22B age                 2          18.0  0.777778  0.427793  0.0   
                                  3          18.0  0.444444  0.511310  0.0   
              birth_city_country  1          13.0  0.923077  0.277350  0.0   
                                  2           5.0  0.800000  0.447214  0.0   
                                  3           1.0  1.000000       NaN  1.0   
                                  4           3.0  0.666667  0.577350  0.0   
                                  5           3.0  0.666667  0.577350  0.0   
              city_country        1          25.0  0.960000  0.200000  0.0   
                                  2           3.0  1.000000  0.000000  1.0   
                                  3          13.0  0.923077  0.277350  0.0   
                                  4          36.0  0.750000  0.439155  0.0   
                                  5           3.0  0.333333  0.577350  0.0   
              education           1          50.0  0.700000  0.462910  0.0   
                                  2          32.0  0.531250  0.507007  0.0   
                                  3          18.0  0.388889  0.501631  0.0   
              income_level        1           4.0  1.000000  0.000000  1.0   
                                  2          25.0  0.600000  0.500000  0.0   
                                  3          16.0  0.500000  0.516398  0.0   
              occupation          1         127.0  0.708661  0.456179  0.0   
                                  2          72.0  0.583333  0.496466  0.0   
                                  3           8.0  0.750000  0.462910  0.0   
              relationship_status 1          50.0  0.900000  0.303046  0.0   
                                  2          35.0  0.714286  0.458349  0.0   
                                  3          11.0  0.727273  0.467099  0.0   
              sex                 1          65.0  0.846154  0.363609  0.0   
                                  2          30.0  0.733333  0.449776  0.0   
                                  3          15.0  0.733333  0.457738  0.0   
                                  4           1.0  1.000000       NaN  1.0   

                                             25%  50%  75%  max  
model         attribute           hardness                       
Mixtral-8x22B age                 2         1.00  1.0  1.0  1.0  
                                  3         0.00  0.0  1.0  1.0  
              birth_city_country  1         1.00  1.0  1.0  1.0  
                                  2         1.00  1.0  1.0  1.0  
                                  3         1.00  1.0  1.0  1.0  
                                  4         0.50  1.0  1.0  1.0  
                                  5         0.50  1.0  1.0  1.0  
              city_country        1         1.00  1.0  1.0  1.0  
                                  2         1.00  1.0  1.0  1.0  
                                  3         1.00  1.0  1.0  1.0  
                                  4         0.75  1.0  1.0  1.0  
                                  5         0.00  0.0  0.5  1.0  
              education           1         0.00  1.0  1.0  1.0  
                                  2         0.00  1.0  1.0  1.0  
                                  3         0.00  0.0  1.0  1.0  
              income_level        1         1.00  1.0  1.0  1.0  
                                  2         0.00  1.0  1.0  1.0  
                                  3         0.00  0.5  1.0  1.0  
              occupation          1         0.00  1.0  1.0  1.0  
                                  2         0.00  1.0  1.0  1.0  
                                  3         0.75  1.0  1.0  1.0  
              relationship_status 1         1.00  1.0  1.0  1.0  
                                  2         0.00  1.0  1.0  1.0  
                                  3         0.50  1.0  1.0  1.0  
              sex                 1         1.00  1.0  1.0  1.0  
                                  2         0.25  1.0  1.0  1.0  
                                  3         0.50  1.0  1.0  1.0  
                                  4         1.00  1.0  1.0  1.0  
-----------------------------------Certainty------------------------------------
                                             count      mean       std  min  \
model         attribute           certainty                                   
Mixtral-8x22B age                 3           26.0  0.538462  0.508391  0.0   
                                  4            8.0  0.750000  0.462910  0.0   
                                  5            2.0  1.000000  0.000000  1.0   
              birth_city_country  3           10.0  0.700000  0.483046  0.0   
                                  4            8.0  1.000000  0.000000  1.0   
                                  5            7.0  0.857143  0.377964  0.0   
              city_country        3           33.0  0.787879  0.415149  0.0   
                                  4           23.0  0.826087  0.387553  0.0   
                                  5           24.0  0.916667  0.282330  0.0   
              education           3           25.0  0.520000  0.509902  0.0   
                                  4           33.0  0.575758  0.501890  0.0   
                                  5           42.0  0.642857  0.484966  0.0   
              income_level        3           36.0  0.555556  0.503953  0.0   
                                  4            6.0  0.666667  0.516398  0.0   
                                  5            3.0  1.000000  0.000000  1.0   
              occupation          3           37.0  0.594595  0.497743  0.0   
                                  4           75.0  0.626667  0.486947  0.0   
                                  5           95.0  0.726316  0.448214  0.0   
              relationship_status 3           27.0  0.740741  0.446576  0.0   
                                  4           28.0  0.821429  0.390021  0.0   
                                  5           41.0  0.853659  0.357839  0.0   
              sex                 3           17.0  0.647059  0.492592  0.0   
                                  4           27.0  0.888889  0.320256  0.0   
                                  5           67.0  0.805970  0.398437  0.0   

                                              25%  50%  75%  max  
model         attribute           certainty                       
Mixtral-8x22B age                 3          0.00  1.0  1.0  1.0  
                                  4          0.75  1.0  1.0  1.0  
                                  5          1.00  1.0  1.0  1.0  
              birth_city_country  3          0.25  1.0  1.0  1.0  
                                  4          1.00  1.0  1.0  1.0  
                                  5          1.00  1.0  1.0  1.0  
              city_country        3          1.00  1.0  1.0  1.0  
                                  4          1.00  1.0  1.0  1.0  
                                  5          1.00  1.0  1.0  1.0  
              education           3          0.00  1.0  1.0  1.0  
                                  4          0.00  1.0  1.0  1.0  
                                  5          0.00  1.0  1.0  1.0  
              income_level        3          0.00  1.0  1.0  1.0  
                                  4          0.25  1.0  1.0  1.0  
                                  5          1.00  1.0  1.0  1.0  
              occupation          3          0.00  1.0  1.0  1.0  
                                  4          0.00  1.0  1.0  1.0  
                                  5          0.00  1.0  1.0  1.0  
              relationship_status 3          0.50  1.0  1.0  1.0  
                                  4          1.00  1.0  1.0  1.0  
                                  5          1.00  1.0  1.0  1.0  
              sex                 3          0.00  1.0  1.0  1.0  
                                  4          1.00  1.0  1.0  1.0  
                                  5          1.00  1.0  1.0  1.0  
----------------------------------By Attribute----------------------------------
                                   count      mean       std  min  25%  50%  \
model         attribute                                                       
Mixtral-8x22B age                   36.0  0.611111  0.494413  0.0  0.0  1.0   
              birth_city_country    25.0  0.840000  0.374166  0.0  1.0  1.0   
              city_country          80.0  0.837500  0.371236  0.0  1.0  1.0   
              education            100.0  0.590000  0.494311  0.0  0.0  1.0   
              income_level          45.0  0.600000  0.495434  0.0  0.0  1.0   
              occupation           207.0  0.666667  0.472547  0.0  0.0  1.0   
              relationship_status   96.0  0.812500  0.392361  0.0  1.0  1.0   
              sex                  111.0  0.801802  0.400450  0.0  1.0  1.0   

                                   75%  max  
model         attribute                      
Mixtral-8x22B age                  1.0  1.0  
              birth_city_country   1.0  1.0  
              city_country         1.0  1.0  
              education            1.0  1.0  
              income_level         1.0  1.0  
              occupation           1.0  1.0  
              relationship_status  1.0  1.0  
              sex                  1.0  1.0  
