------------------------------------Complete------------------------------------
                                                     count      mean  \
model        attribute           hardness certainty                    
Mixtral-8x7B age                 2        3           11.0  0.636364   
                                          4            6.0  0.000000   
                                          5            1.0  0.000000   
                                 3        3           15.0  0.200000   
                                          4            2.0  0.000000   
                                          5            1.0  1.000000   
             birth_city_country  1        3            4.0  0.000000   
                                          4            3.0  0.666667   
                                          5            6.0  0.833333   
                                 2        3            1.0  0.000000   
                                          4            3.0  0.666667   
                                          5            1.0  1.000000   
                                 3        3            1.0  1.000000   
                                 4        3            2.0  0.500000   
                                          4            1.0  0.000000   
                                 5        3            2.0  0.000000   
                                          4            1.0  1.000000   
             city_country        1        3            3.0  0.333333   
                                          4            7.0  0.714286   
                                          5           15.0  0.733333   
                                 2        3            1.0  1.000000   
                                          4            2.0  1.000000   
                                 3        3            5.0  0.000000   
                                          4            5.0  0.600000   
                                          5            3.0  0.666667   
                                 4        3           22.0  0.409091   
                                          4            8.0  0.625000   
                                          5            6.0  0.333333   
                                 5        3            2.0  0.000000   
                                          4            1.0  1.000000   
             education           1        3            4.0  0.250000   
                                          4           14.0  0.428571   
                                          5           32.0  0.593750   
                                 2        3            8.0  0.625000   
                                          4           15.0  0.600000   
                                          5            9.0  0.555556   
                                 3        3           13.0  0.461538   
                                          4            4.0  0.500000   
                                          5            1.0  0.000000   
             income_level        1        4            2.0  1.000000   
                                          5            2.0  1.000000   
                                 2        3           22.0  0.500000   
                                          4            2.0  0.500000   
                                          5            1.0  0.000000   
                                 3        3           14.0  0.428571   
                                          4            2.0  0.000000   
             occupation          1        3            7.0  0.857143   
                                          4           38.0  0.526316   
                                          5           82.0  0.670732   
                                 2        3           27.0  0.481481   
                                          4           34.0  0.382353   
                                          5           11.0  0.727273   
                                 3        3            3.0  0.333333   
                                          4            3.0  1.000000   
                                          5            2.0  1.000000   
             relationship_status 1        3            4.0  0.750000   
                                          4           12.0  0.750000   
                                          5           34.0  0.647059   
                                 2        3           19.0  0.526316   
                                          4           11.0  0.454545   
                                          5            5.0  0.800000   
                                 3        3            4.0  0.250000   
                                          4            5.0  0.600000   
                                          5            2.0  0.500000   
             sex                 1        3            2.0  0.500000   
                                          4            7.0  0.714286   
                                          5           56.0  0.767857   
                                 2        3            5.0  0.000000   
                                          4           15.0  0.466667   
                                          5           10.0  0.600000   
                                 3        3           10.0  0.400000   
                                          4            4.0  0.750000   
                                          5            1.0  0.000000   
                                 4        4            1.0  0.000000   

                                                          std  min   25%  50%  \
model        attribute           hardness certainty                             
Mixtral-8x7B age                 2        3          0.504525  0.0  0.00  1.0   
                                          4          0.000000  0.0  0.00  0.0   
                                          5               NaN  0.0  0.00  0.0   
                                 3        3          0.414039  0.0  0.00  0.0   
                                          4          0.000000  0.0  0.00  0.0   
                                          5               NaN  1.0  1.00  1.0   
             birth_city_country  1        3          0.000000  0.0  0.00  0.0   
                                          4          0.577350  0.0  0.50  1.0   
                                          5          0.408248  0.0  1.00  1.0   
                                 2        3               NaN  0.0  0.00  0.0   
                                          4          0.577350  0.0  0.50  1.0   
                                          5               NaN  1.0  1.00  1.0   
                                 3        3               NaN  1.0  1.00  1.0   
                                 4        3          0.707107  0.0  0.25  0.5   
                                          4               NaN  0.0  0.00  0.0   
                                 5        3          0.000000  0.0  0.00  0.0   
                                          4               NaN  1.0  1.00  1.0   
             city_country        1        3          0.577350  0.0  0.00  0.0   
                                          4          0.487950  0.0  0.50  1.0   
                                          5          0.457738  0.0  0.50  1.0   
                                 2        3               NaN  1.0  1.00  1.0   
                                          4          0.000000  1.0  1.00  1.0   
                                 3        3          0.000000  0.0  0.00  0.0   
                                          4          0.547723  0.0  0.00  1.0   
                                          5          0.577350  0.0  0.50  1.0   
                                 4        3          0.503236  0.0  0.00  0.0   
                                          4          0.517549  0.0  0.00  1.0   
                                          5          0.516398  0.0  0.00  0.0   
                                 5        3          0.000000  0.0  0.00  0.0   
                                          4               NaN  1.0  1.00  1.0   
             education           1        3          0.500000  0.0  0.00  0.0   
                                          4          0.513553  0.0  0.00  0.0   
                                          5          0.498991  0.0  0.00  1.0   
                                 2        3          0.517549  0.0  0.00  1.0   
                                          4          0.507093  0.0  0.00  1.0   
                                          5          0.527046  0.0  0.00  1.0   
                                 3        3          0.518875  0.0  0.00  0.0   
                                          4          0.577350  0.0  0.00  0.5   
                                          5               NaN  0.0  0.00  0.0   
             income_level        1        4          0.000000  1.0  1.00  1.0   
                                          5          0.000000  1.0  1.00  1.0   
                                 2        3          0.511766  0.0  0.00  0.5   
                                          4          0.707107  0.0  0.25  0.5   
                                          5               NaN  0.0  0.00  0.0   
                                 3        3          0.513553  0.0  0.00  0.0   
                                          4          0.000000  0.0  0.00  0.0   
             occupation          1        3          0.377964  0.0  1.00  1.0   
                                          4          0.506009  0.0  0.00  1.0   
                                          5          0.472840  0.0  0.00  1.0   
                                 2        3          0.509175  0.0  0.00  0.0   
                                          4          0.493270  0.0  0.00  0.0   
                                          5          0.467099  0.0  0.50  1.0   
                                 3        3          0.577350  0.0  0.00  0.0   
                                          4          0.000000  1.0  1.00  1.0   
                                          5          0.000000  1.0  1.00  1.0   
             relationship_status 1        3          0.500000  0.0  0.75  1.0   
                                          4          0.452267  0.0  0.75  1.0   
                                          5          0.485071  0.0  0.00  1.0   
                                 2        3          0.512989  0.0  0.00  1.0   
                                          4          0.522233  0.0  0.00  0.0   
                                          5          0.447214  0.0  1.00  1.0   
                                 3        3          0.500000  0.0  0.00  0.0   
                                          4          0.547723  0.0  0.00  1.0   
                                          5          0.707107  0.0  0.25  0.5   
             sex                 1        3          0.707107  0.0  0.25  0.5   
                                          4          0.487950  0.0  0.50  1.0   
                                          5          0.426021  0.0  1.00  1.0   
                                 2        3          0.000000  0.0  0.00  0.0   
                                          4          0.516398  0.0  0.00  0.0   
                                          5          0.516398  0.0  0.00  1.0   
                                 3        3          0.516398  0.0  0.00  0.0   
                                          4          0.500000  0.0  0.75  1.0   
                                          5               NaN  0.0  0.00  0.0   
                                 4        4               NaN  0.0  0.00  0.0   

                                                      75%  max  
model        attribute           hardness certainty             
Mixtral-8x7B age                 2        3          1.00  1.0  
                                          4          0.00  0.0  
                                          5          0.00  0.0  
                                 3        3          0.00  1.0  
                                          4          0.00  0.0  
                                          5          1.00  1.0  
             birth_city_country  1        3          0.00  0.0  
                                          4          1.00  1.0  
                                          5          1.00  1.0  
                                 2        3          0.00  0.0  
                                          4          1.00  1.0  
                                          5          1.00  1.0  
                                 3        3          1.00  1.0  
                                 4        3          0.75  1.0  
                                          4          0.00  0.0  
                                 5        3          0.00  0.0  
                                          4          1.00  1.0  
             city_country        1        3          0.50  1.0  
                                          4          1.00  1.0  
                                          5          1.00  1.0  
                                 2        3          1.00  1.0  
                                          4          1.00  1.0  
                                 3        3          0.00  0.0  
                                          4          1.00  1.0  
                                          5          1.00  1.0  
                                 4        3          1.00  1.0  
                                          4          1.00  1.0  
                                          5          0.75  1.0  
                                 5        3          0.00  0.0  
                                          4          1.00  1.0  
             education           1        3          0.25  1.0  
                                          4          1.00  1.0  
                                          5          1.00  1.0  
                                 2        3          1.00  1.0  
                                          4          1.00  1.0  
                                          5          1.00  1.0  
                                 3        3          1.00  1.0  
                                          4          1.00  1.0  
                                          5          0.00  0.0  
             income_level        1        4          1.00  1.0  
                                          5          1.00  1.0  
                                 2        3          1.00  1.0  
                                          4          0.75  1.0  
                                          5          0.00  0.0  
                                 3        3          1.00  1.0  
                                          4          0.00  0.0  
             occupation          1        3          1.00  1.0  
                                          4          1.00  1.0  
                                          5          1.00  1.0  
                                 2        3          1.00  1.0  
                                          4          1.00  1.0  
                                          5          1.00  1.0  
                                 3        3          0.50  1.0  
                                          4          1.00  1.0  
                                          5          1.00  1.0  
             relationship_status 1        3          1.00  1.0  
                                          4          1.00  1.0  
                                          5          1.00  1.0  
                                 2        3          1.00  1.0  
                                          4          1.00  1.0  
                                          5          1.00  1.0  
                                 3        3          0.25  1.0  
                                          4          1.00  1.0  
                                          5          0.75  1.0  
             sex                 1        3          0.75  1.0  
                                          4          1.00  1.0  
                                          5          1.00  1.0  
                                 2        3          0.00  0.0  
                                          4          1.00  1.0  
                                          5          1.00  1.0  
                                 3        3          1.00  1.0  
                                          4          1.00  1.0  
                                          5          0.00  0.0  
                                 4        4          0.00  0.0  
------------------------------------Hardness------------------------------------
                                           count      mean       std  min  \
model        attribute           hardness                                   
Mixtral-8x7B age                 2          18.0  0.388889  0.501631  0.0   
                                 3          18.0  0.222222  0.427793  0.0   
             birth_city_country  1          13.0  0.538462  0.518875  0.0   
                                 2           5.0  0.600000  0.547723  0.0   
                                 3           1.0  1.000000       NaN  1.0   
                                 4           3.0  0.333333  0.577350  0.0   
                                 5           3.0  0.333333  0.577350  0.0   
             city_country        1          25.0  0.680000  0.476095  0.0   
                                 2           3.0  1.000000  0.000000  1.0   
                                 3          13.0  0.384615  0.506370  0.0   
                                 4          36.0  0.444444  0.503953  0.0   
                                 5           3.0  0.333333  0.577350  0.0   
             education           1          50.0  0.520000  0.504672  0.0   
                                 2          32.0  0.593750  0.498991  0.0   
                                 3          18.0  0.444444  0.511310  0.0   
             income_level        1           4.0  1.000000  0.000000  1.0   
                                 2          25.0  0.480000  0.509902  0.0   
                                 3          16.0  0.375000  0.500000  0.0   
             occupation          1         127.0  0.637795  0.482541  0.0   
                                 2          72.0  0.472222  0.502731  0.0   
                                 3           8.0  0.750000  0.462910  0.0   
             relationship_status 1          50.0  0.680000  0.471212  0.0   
                                 2          35.0  0.542857  0.505433  0.0   
                                 3          11.0  0.454545  0.522233  0.0   
             sex                 1          65.0  0.753846  0.434122  0.0   
                                 2          30.0  0.433333  0.504007  0.0   
                                 3          15.0  0.466667  0.516398  0.0   
                                 4           1.0  0.000000       NaN  0.0   

                                            25%  50%  75%  max  
model        attribute           hardness                       
Mixtral-8x7B age                 2         0.00  0.0  1.0  1.0  
                                 3         0.00  0.0  0.0  1.0  
             birth_city_country  1         0.00  1.0  1.0  1.0  
                                 2         0.00  1.0  1.0  1.0  
                                 3         1.00  1.0  1.0  1.0  
                                 4         0.00  0.0  0.5  1.0  
                                 5         0.00  0.0  0.5  1.0  
             city_country        1         0.00  1.0  1.0  1.0  
                                 2         1.00  1.0  1.0  1.0  
                                 3         0.00  0.0  1.0  1.0  
                                 4         0.00  0.0  1.0  1.0  
                                 5         0.00  0.0  0.5  1.0  
             education           1         0.00  1.0  1.0  1.0  
                                 2         0.00  1.0  1.0  1.0  
                                 3         0.00  0.0  1.0  1.0  
             income_level        1         1.00  1.0  1.0  1.0  
                                 2         0.00  0.0  1.0  1.0  
                                 3         0.00  0.0  1.0  1.0  
             occupation          1         0.00  1.0  1.0  1.0  
                                 2         0.00  0.0  1.0  1.0  
                                 3         0.75  1.0  1.0  1.0  
             relationship_status 1         0.00  1.0  1.0  1.0  
                                 2         0.00  1.0  1.0  1.0  
                                 3         0.00  0.0  1.0  1.0  
             sex                 1         1.00  1.0  1.0  1.0  
                                 2         0.00  0.0  1.0  1.0  
                                 3         0.00  0.0  1.0  1.0  
                                 4         0.00  0.0  0.0  0.0  
-----------------------------------Certainty------------------------------------
                                            count      mean       std  min  \
model        attribute           certainty                                   
Mixtral-8x7B age                 3           26.0  0.384615  0.496139  0.0   
                                 4            8.0  0.000000  0.000000  0.0   
                                 5            2.0  0.500000  0.707107  0.0   
             birth_city_country  3           10.0  0.200000  0.421637  0.0   
                                 4            8.0  0.625000  0.517549  0.0   
                                 5            7.0  0.857143  0.377964  0.0   
             city_country        3           33.0  0.333333  0.478714  0.0   
                                 4           23.0  0.695652  0.470472  0.0   
                                 5           24.0  0.625000  0.494535  0.0   
             education           3           25.0  0.480000  0.509902  0.0   
                                 4           33.0  0.515152  0.507519  0.0   
                                 5           42.0  0.571429  0.500870  0.0   
             income_level        3           36.0  0.472222  0.506309  0.0   
                                 4            6.0  0.500000  0.547723  0.0   
                                 5            3.0  0.666667  0.577350  0.0   
             occupation          3           37.0  0.540541  0.505228  0.0   
                                 4           75.0  0.480000  0.502964  0.0   
                                 5           95.0  0.684211  0.467295  0.0   
             relationship_status 3           27.0  0.518519  0.509175  0.0   
                                 4           28.0  0.607143  0.497347  0.0   
                                 5           41.0  0.658537  0.480091  0.0   
             sex                 3           17.0  0.294118  0.469668  0.0   
                                 4           27.0  0.555556  0.506370  0.0   
                                 5           67.0  0.731343  0.446606  0.0   

                                             25%  50%   75%  max  
model        attribute           certainty                        
Mixtral-8x7B age                 3          0.00  0.0  1.00  1.0  
                                 4          0.00  0.0  0.00  0.0  
                                 5          0.25  0.5  0.75  1.0  
             birth_city_country  3          0.00  0.0  0.00  1.0  
                                 4          0.00  1.0  1.00  1.0  
                                 5          1.00  1.0  1.00  1.0  
             city_country        3          0.00  0.0  1.00  1.0  
                                 4          0.00  1.0  1.00  1.0  
                                 5          0.00  1.0  1.00  1.0  
             education           3          0.00  0.0  1.00  1.0  
                                 4          0.00  1.0  1.00  1.0  
                                 5          0.00  1.0  1.00  1.0  
             income_level        3          0.00  0.0  1.00  1.0  
                                 4          0.00  0.5  1.00  1.0  
                                 5          0.50  1.0  1.00  1.0  
             occupation          3          0.00  1.0  1.00  1.0  
                                 4          0.00  0.0  1.00  1.0  
                                 5          0.00  1.0  1.00  1.0  
             relationship_status 3          0.00  1.0  1.00  1.0  
                                 4          0.00  1.0  1.00  1.0  
                                 5          0.00  1.0  1.00  1.0  
             sex                 3          0.00  0.0  1.00  1.0  
                                 4          0.00  1.0  1.00  1.0  
                                 5          0.00  1.0  1.00  1.0  
----------------------------------By Attribute----------------------------------
                                  count      mean       std  min  25%  50%  \
model        attribute                                                       
Mixtral-8x7B age                   36.0  0.305556  0.467177  0.0  0.0  0.0   
             birth_city_country    25.0  0.520000  0.509902  0.0  0.0  1.0   
             city_country          80.0  0.525000  0.502525  0.0  0.0  1.0   
             education            100.0  0.530000  0.501614  0.0  0.0  1.0   
             income_level          45.0  0.488889  0.505525  0.0  0.0  0.0   
             occupation           207.0  0.584541  0.493996  0.0  0.0  1.0   
             relationship_status   96.0  0.604167  0.491596  0.0  0.0  1.0   
             sex                  111.0  0.621622  0.487182  0.0  0.0  1.0   

                                  75%  max  
model        attribute                      
Mixtral-8x7B age                  1.0  1.0  
             birth_city_country   1.0  1.0  
             city_country         1.0  1.0  
             education            1.0  1.0  
             income_level         1.0  1.0  
             occupation           1.0  1.0  
             relationship_status  1.0  1.0  
             sex                  1.0  1.0  
