------------------------------------Complete------------------------------------
                                               count      mean       std  min  \
model  attribute           hardness certainty                                   
Yi-34B age                 2        3           11.0  0.454545  0.522233  0.0   
                                    4            6.0  0.666667  0.516398  0.0   
                                    5            1.0  0.000000       NaN  0.0   
                           3        3           15.0  0.266667  0.457738  0.0   
                                    4            2.0  0.500000  0.707107  0.0   
                                    5            1.0  1.000000       NaN  1.0   
       birth_city_country  1        3            4.0  0.750000  0.500000  0.0   
                                    4            3.0  0.666667  0.577350  0.0   
                                    5            6.0  1.000000  0.000000  1.0   
                           2        3            1.0  1.000000       NaN  1.0   
                                    4            3.0  1.000000  0.000000  1.0   
                                    5            1.0  1.000000       NaN  1.0   
                           3        3            1.0  1.000000       NaN  1.0   
                           4        3            2.0  0.000000  0.000000  0.0   
                                    4            1.0  0.000000       NaN  0.0   
                           5        3            2.0  0.500000  0.707107  0.0   
                                    4            1.0  0.000000       NaN  0.0   
       city_country        1        3            3.0  0.666667  0.577350  0.0   
                                    4            7.0  0.571429  0.534522  0.0   
                                    5           15.0  0.800000  0.414039  0.0   
                           2        3            1.0  1.000000       NaN  1.0   
                                    4            2.0  1.000000  0.000000  1.0   
                           3        3            5.0  0.400000  0.547723  0.0   
                                    4            5.0  0.800000  0.447214  0.0   
                                    5            3.0  0.666667  0.577350  0.0   
                           4        3           22.0  0.590909  0.503236  0.0   
                                    4            8.0  0.625000  0.517549  0.0   
                                    5            6.0  0.333333  0.516398  0.0   
                           5        3            2.0  0.000000  0.000000  0.0   
                                    4            1.0  1.000000       NaN  1.0   
       education           1        3            4.0  1.000000  0.000000  1.0   
                                    4           14.0  0.571429  0.513553  0.0   
                                    5           32.0  0.718750  0.456803  0.0   
                           2        3            8.0  0.500000  0.534522  0.0   
                                    4           15.0  0.200000  0.414039  0.0   
                                    5            9.0  0.333333  0.500000  0.0   
                           3        3           13.0  0.538462  0.518875  0.0   
                                    4            4.0  0.000000  0.000000  0.0   
                                    5            1.0  0.000000       NaN  0.0   
       income_level        1        4            2.0  0.500000  0.707107  0.0   
                                    5            2.0  0.500000  0.707107  0.0   
                           2        3           22.0  0.409091  0.503236  0.0   
                                    4            2.0  1.000000  0.000000  1.0   
                                    5            1.0  0.000000       NaN  0.0   
                           3        3           14.0  0.214286  0.425815  0.0   
                                    4            2.0  0.500000  0.707107  0.0   
       occupation          1        3            7.0  0.714286  0.487950  0.0   
                                    4           38.0  0.526316  0.506009  0.0   
                                    5           82.0  0.670732  0.472840  0.0   
                           2        3           27.0  0.407407  0.500712  0.0   
                                    4           34.0  0.382353  0.493270  0.0   
                                    5           11.0  0.636364  0.504525  0.0   
                           3        3            3.0  0.333333  0.577350  0.0   
                                    4            3.0  1.000000  0.000000  1.0   
                                    5            2.0  1.000000  0.000000  1.0   
       relationship_status 1        3            4.0  0.750000  0.500000  0.0   
                                    4           12.0  1.000000  0.000000  1.0   
                                    5           34.0  0.735294  0.447811  0.0   
                           2        3           19.0  0.842105  0.374634  0.0   
                                    4           11.0  0.636364  0.504525  0.0   
                                    5            5.0  0.400000  0.547723  0.0   
                           3        3            4.0  0.250000  0.500000  0.0   
                                    4            5.0  0.600000  0.547723  0.0   
                                    5            2.0  1.000000  0.000000  1.0   
       sex                 1        3            2.0  0.500000  0.707107  0.0   
                                    4            7.0  0.571429  0.534522  0.0   
                                    5           56.0  0.750000  0.436931  0.0   
                           2        3            5.0  0.200000  0.447214  0.0   
                                    4           15.0  0.600000  0.507093  0.0   
                                    5           10.0  0.700000  0.483046  0.0   
                           3        3           10.0  0.400000  0.516398  0.0   
                                    4            4.0  0.750000  0.500000  0.0   
                                    5            1.0  0.000000       NaN  0.0   
                           4        4            1.0  1.000000       NaN  1.0   

                                                25%  50%   75%  max  
model  attribute           hardness certainty                        
Yi-34B age                 2        3          0.00  0.0  1.00  1.0  
                                    4          0.25  1.0  1.00  1.0  
                                    5          0.00  0.0  0.00  0.0  
                           3        3          0.00  0.0  0.50  1.0  
                                    4          0.25  0.5  0.75  1.0  
                                    5          1.00  1.0  1.00  1.0  
       birth_city_country  1        3          0.75  1.0  1.00  1.0  
                                    4          0.50  1.0  1.00  1.0  
                                    5          1.00  1.0  1.00  1.0  
                           2        3          1.00  1.0  1.00  1.0  
                                    4          1.00  1.0  1.00  1.0  
                                    5          1.00  1.0  1.00  1.0  
                           3        3          1.00  1.0  1.00  1.0  
                           4        3          0.00  0.0  0.00  0.0  
                                    4          0.00  0.0  0.00  0.0  
                           5        3          0.25  0.5  0.75  1.0  
                                    4          0.00  0.0  0.00  0.0  
       city_country        1        3          0.50  1.0  1.00  1.0  
                                    4          0.00  1.0  1.00  1.0  
                                    5          1.00  1.0  1.00  1.0  
                           2        3          1.00  1.0  1.00  1.0  
                                    4          1.00  1.0  1.00  1.0  
                           3        3          0.00  0.0  1.00  1.0  
                                    4          1.00  1.0  1.00  1.0  
                                    5          0.50  1.0  1.00  1.0  
                           4        3          0.00  1.0  1.00  1.0  
                                    4          0.00  1.0  1.00  1.0  
                                    5          0.00  0.0  0.75  1.0  
                           5        3          0.00  0.0  0.00  0.0  
                                    4          1.00  1.0  1.00  1.0  
       education           1        3          1.00  1.0  1.00  1.0  
                                    4          0.00  1.0  1.00  1.0  
                                    5          0.00  1.0  1.00  1.0  
                           2        3          0.00  0.5  1.00  1.0  
                                    4          0.00  0.0  0.00  1.0  
                                    5          0.00  0.0  1.00  1.0  
                           3        3          0.00  1.0  1.00  1.0  
                                    4          0.00  0.0  0.00  0.0  
                                    5          0.00  0.0  0.00  0.0  
       income_level        1        4          0.25  0.5  0.75  1.0  
                                    5          0.25  0.5  0.75  1.0  
                           2        3          0.00  0.0  1.00  1.0  
                                    4          1.00  1.0  1.00  1.0  
                                    5          0.00  0.0  0.00  0.0  
                           3        3          0.00  0.0  0.00  1.0  
                                    4          0.25  0.5  0.75  1.0  
       occupation          1        3          0.50  1.0  1.00  1.0  
                                    4          0.00  1.0  1.00  1.0  
                                    5          0.00  1.0  1.00  1.0  
                           2        3          0.00  0.0  1.00  1.0  
                                    4          0.00  0.0  1.00  1.0  
                                    5          0.00  1.0  1.00  1.0  
                           3        3          0.00  0.0  0.50  1.0  
                                    4          1.00  1.0  1.00  1.0  
                                    5          1.00  1.0  1.00  1.0  
       relationship_status 1        3          0.75  1.0  1.00  1.0  
                                    4          1.00  1.0  1.00  1.0  
                                    5          0.25  1.0  1.00  1.0  
                           2        3          1.00  1.0  1.00  1.0  
                                    4          0.00  1.0  1.00  1.0  
                                    5          0.00  0.0  1.00  1.0  
                           3        3          0.00  0.0  0.25  1.0  
                                    4          0.00  1.0  1.00  1.0  
                                    5          1.00  1.0  1.00  1.0  
       sex                 1        3          0.25  0.5  0.75  1.0  
                                    4          0.00  1.0  1.00  1.0  
                                    5          0.75  1.0  1.00  1.0  
                           2        3          0.00  0.0  0.00  1.0  
                                    4          0.00  1.0  1.00  1.0  
                                    5          0.25  1.0  1.00  1.0  
                           3        3          0.00  0.0  1.00  1.0  
                                    4          0.75  1.0  1.00  1.0  
                                    5          0.00  0.0  0.00  0.0  
                           4        4          1.00  1.0  1.00  1.0  
------------------------------------Hardness------------------------------------
                                     count      mean       std  min   25%  \
model  attribute           hardness                                         
Yi-34B age                 2          18.0  0.500000  0.514496  0.0  0.00   
                           3          18.0  0.333333  0.485071  0.0  0.00   
       birth_city_country  1          13.0  0.846154  0.375534  0.0  1.00   
                           2           5.0  1.000000  0.000000  1.0  1.00   
                           3           1.0  1.000000       NaN  1.0  1.00   
                           4           3.0  0.000000  0.000000  0.0  0.00   
                           5           3.0  0.333333  0.577350  0.0  0.00   
       city_country        1          25.0  0.720000  0.458258  0.0  0.00   
                           2           3.0  1.000000  0.000000  1.0  1.00   
                           3          13.0  0.615385  0.506370  0.0  0.00   
                           4          36.0  0.555556  0.503953  0.0  0.00   
                           5           3.0  0.333333  0.577350  0.0  0.00   
       education           1          50.0  0.700000  0.462910  0.0  0.00   
                           2          32.0  0.312500  0.470929  0.0  0.00   
                           3          18.0  0.388889  0.501631  0.0  0.00   
       income_level        1           4.0  0.500000  0.577350  0.0  0.00   
                           2          25.0  0.440000  0.506623  0.0  0.00   
                           3          16.0  0.250000  0.447214  0.0  0.00   
       occupation          1         127.0  0.629921  0.484738  0.0  0.00   
                           2          72.0  0.430556  0.498629  0.0  0.00   
                           3           8.0  0.750000  0.462910  0.0  0.75   
       relationship_status 1          50.0  0.800000  0.404061  0.0  1.00   
                           2          35.0  0.714286  0.458349  0.0  0.00   
                           3          11.0  0.545455  0.522233  0.0  0.00   
       sex                 1          65.0  0.723077  0.450961  0.0  0.00   
                           2          30.0  0.566667  0.504007  0.0  0.00   
                           3          15.0  0.466667  0.516398  0.0  0.00   
                           4           1.0  1.000000       NaN  1.0  1.00   

                                     50%   75%  max  
model  attribute           hardness                  
Yi-34B age                 2         0.5  1.00  1.0  
                           3         0.0  1.00  1.0  
       birth_city_country  1         1.0  1.00  1.0  
                           2         1.0  1.00  1.0  
                           3         1.0  1.00  1.0  
                           4         0.0  0.00  0.0  
                           5         0.0  0.50  1.0  
       city_country        1         1.0  1.00  1.0  
                           2         1.0  1.00  1.0  
                           3         1.0  1.00  1.0  
                           4         1.0  1.00  1.0  
                           5         0.0  0.50  1.0  
       education           1         1.0  1.00  1.0  
                           2         0.0  1.00  1.0  
                           3         0.0  1.00  1.0  
       income_level        1         0.5  1.00  1.0  
                           2         0.0  1.00  1.0  
                           3         0.0  0.25  1.0  
       occupation          1         1.0  1.00  1.0  
                           2         0.0  1.00  1.0  
                           3         1.0  1.00  1.0  
       relationship_status 1         1.0  1.00  1.0  
                           2         1.0  1.00  1.0  
                           3         1.0  1.00  1.0  
       sex                 1         1.0  1.00  1.0  
                           2         1.0  1.00  1.0  
                           3         0.0  1.00  1.0  
                           4         1.0  1.00  1.0  
-----------------------------------Certainty------------------------------------
                                      count      mean       std  min   25%  \
model  attribute           certainty                                         
Yi-34B age                 3           26.0  0.346154  0.485165  0.0  0.00   
                           4            8.0  0.625000  0.517549  0.0  0.00   
                           5            2.0  0.500000  0.707107  0.0  0.25   
       birth_city_country  3           10.0  0.600000  0.516398  0.0  0.00   
                           4            8.0  0.625000  0.517549  0.0  0.00   
                           5            7.0  1.000000  0.000000  1.0  1.00   
       city_country        3           33.0  0.545455  0.505650  0.0  0.00   
                           4           23.0  0.695652  0.470472  0.0  0.00   
                           5           24.0  0.666667  0.481543  0.0  0.00   
       education           3           25.0  0.600000  0.500000  0.0  0.00   
                           4           33.0  0.333333  0.478714  0.0  0.00   
                           5           42.0  0.619048  0.491507  0.0  0.00   
       income_level        3           36.0  0.333333  0.478091  0.0  0.00   
                           4            6.0  0.666667  0.516398  0.0  0.25   
                           5            3.0  0.333333  0.577350  0.0  0.00   
       occupation          3           37.0  0.459459  0.505228  0.0  0.00   
                           4           75.0  0.480000  0.502964  0.0  0.00   
                           5           95.0  0.673684  0.471352  0.0  0.00   
       relationship_status 3           27.0  0.740741  0.446576  0.0  0.50   
                           4           28.0  0.785714  0.417855  0.0  1.00   
                           5           41.0  0.707317  0.460646  0.0  0.00   
       sex                 3           17.0  0.352941  0.492592  0.0  0.00   
                           4           27.0  0.629630  0.492103  0.0  0.00   
                           5           67.0  0.731343  0.446606  0.0  0.00   

                                      50%   75%  max  
model  attribute           certainty                  
Yi-34B age                 3          0.0  1.00  1.0  
                           4          1.0  1.00  1.0  
                           5          0.5  0.75  1.0  
       birth_city_country  3          1.0  1.00  1.0  
                           4          1.0  1.00  1.0  
                           5          1.0  1.00  1.0  
       city_country        3          1.0  1.00  1.0  
                           4          1.0  1.00  1.0  
                           5          1.0  1.00  1.0  
       education           3          1.0  1.00  1.0  
                           4          0.0  1.00  1.0  
                           5          1.0  1.00  1.0  
       income_level        3          0.0  1.00  1.0  
                           4          1.0  1.00  1.0  
                           5          0.0  0.50  1.0  
       occupation          3          0.0  1.00  1.0  
                           4          0.0  1.00  1.0  
                           5          1.0  1.00  1.0  
       relationship_status 3          1.0  1.00  1.0  
                           4          1.0  1.00  1.0  
                           5          1.0  1.00  1.0  
       sex                 3          0.0  1.00  1.0  
                           4          1.0  1.00  1.0  
                           5          1.0  1.00  1.0  
----------------------------------By Attribute----------------------------------
                            count      mean       std  min  25%  50%  75%  max
model  attribute                                                              
Yi-34B age                   36.0  0.416667  0.500000  0.0  0.0  0.0  1.0  1.0
       birth_city_country    25.0  0.720000  0.458258  0.0  0.0  1.0  1.0  1.0
       city_country          80.0  0.625000  0.487177  0.0  0.0  1.0  1.0  1.0
       education            100.0  0.520000  0.502117  0.0  0.0  1.0  1.0  1.0
       income_level          45.0  0.377778  0.490310  0.0  0.0  0.0  1.0  1.0
       occupation           207.0  0.565217  0.496930  0.0  0.0  1.0  1.0  1.0
       relationship_status   96.0  0.739583  0.441166  0.0  0.0  1.0  1.0  1.0
       sex                  111.0  0.648649  0.479558  0.0  0.0  1.0  1.0  1.0
