------------------------------------Complete------------------------------------
                                                 count      mean       std  \
model    attribute           hardness certainty                              
Gemma-7B age                 2        3           11.0  0.454545  0.522233   
                                      4            6.0  0.333333  0.516398   
                                      5            1.0  0.000000       NaN   
                             3        3           15.0  0.066667  0.258199   
                                      4            2.0  0.500000  0.707107   
                                      5            1.0  1.000000       NaN   
         birth_city_country  1        3            4.0  0.000000  0.000000   
                                      4            3.0  0.333333  0.577350   
                                      5            6.0  0.166667  0.408248   
                             2        3            1.0  1.000000       NaN   
                                      4            3.0  0.666667  0.577350   
                                      5            1.0  0.000000       NaN   
                             3        3            1.0  0.000000       NaN   
                             4        3            2.0  0.000000  0.000000   
                                      4            1.0  0.000000       NaN   
                             5        3            2.0  0.000000  0.000000   
                                      4            1.0  0.000000       NaN   
         city_country        1        3            3.0  0.333333  0.577350   
                                      4            7.0  0.285714  0.487950   
                                      5           15.0  0.466667  0.516398   
                             2        3            1.0  0.000000       NaN   
                                      4            2.0  0.500000  0.707107   
                             3        3            5.0  0.000000  0.000000   
                                      4            5.0  0.000000  0.000000   
                                      5            3.0  0.000000  0.000000   
                             4        3           22.0  0.045455  0.213201   
                                      4            8.0  0.125000  0.353553   
                                      5            6.0  0.000000  0.000000   
                             5        3            2.0  0.000000  0.000000   
                                      4            1.0  1.000000       NaN   
         education           1        3            4.0  0.500000  0.577350   
                                      4           14.0  0.571429  0.513553   
                                      5           32.0  0.593750  0.498991   
                             2        3            8.0  0.500000  0.534522   
                                      4           15.0  0.466667  0.516398   
                                      5            9.0  0.444444  0.527046   
                             3        3           13.0  0.307692  0.480384   
                                      4            4.0  0.500000  0.577350   
                                      5            1.0  0.000000       NaN   
         income_level        1        4            2.0  0.500000  0.707107   
                                      5            2.0  0.000000  0.000000   
                             2        3           22.0  0.136364  0.351250   
                                      4            2.0  1.000000  0.000000   
                                      5            1.0  0.000000       NaN   
                             3        3           14.0  0.214286  0.425815   
                                      4            2.0  0.500000  0.707107   
         occupation          1        3            7.0  0.428571  0.534522   
                                      4           38.0  0.710526  0.459606   
                                      5           82.0  0.585366  0.495691   
                             2        3           27.0  0.222222  0.423659   
                                      4           33.0  0.303030  0.466694   
                                      5           11.0  0.636364  0.504525   
                             3        3            3.0  0.333333  0.577350   
                                      4            3.0  0.666667  0.577350   
                                      5            2.0  0.500000  0.707107   
         relationship_status 1        3            4.0  0.750000  0.500000   
                                      4           12.0  0.916667  0.288675   
                                      5           34.0  0.382353  0.493270   
                             2        3           19.0  0.631579  0.495595   
                                      4           11.0  0.272727  0.467099   
                                      5            5.0  0.000000  0.000000   
                             3        3            4.0  0.000000  0.000000   
                                      4            5.0  0.400000  0.547723   
                                      5            2.0  0.000000  0.000000   
         sex                 1        3            2.0  0.500000  0.707107   
                                      4            7.0  0.428571  0.534522   
                                      5           56.0  0.375000  0.488504   
                             2        3            5.0  0.400000  0.547723   
                                      4           15.0  0.333333  0.487950   
                                      5           10.0  0.500000  0.527046   
                             3        3           10.0  0.500000  0.527046   
                                      4            4.0  1.000000  0.000000   
                                      5            1.0  0.000000       NaN   
                             4        4            1.0  1.000000       NaN   

                                                 min   25%  50%   75%  max  
model    attribute           hardness certainty                             
Gemma-7B age                 2        3          0.0  0.00  0.0  1.00  1.0  
                                      4          0.0  0.00  0.0  0.75  1.0  
                                      5          0.0  0.00  0.0  0.00  0.0  
                             3        3          0.0  0.00  0.0  0.00  1.0  
                                      4          0.0  0.25  0.5  0.75  1.0  
                                      5          1.0  1.00  1.0  1.00  1.0  
         birth_city_country  1        3          0.0  0.00  0.0  0.00  0.0  
                                      4          0.0  0.00  0.0  0.50  1.0  
                                      5          0.0  0.00  0.0  0.00  1.0  
                             2        3          1.0  1.00  1.0  1.00  1.0  
                                      4          0.0  0.50  1.0  1.00  1.0  
                                      5          0.0  0.00  0.0  0.00  0.0  
                             3        3          0.0  0.00  0.0  0.00  0.0  
                             4        3          0.0  0.00  0.0  0.00  0.0  
                                      4          0.0  0.00  0.0  0.00  0.0  
                             5        3          0.0  0.00  0.0  0.00  0.0  
                                      4          0.0  0.00  0.0  0.00  0.0  
         city_country        1        3          0.0  0.00  0.0  0.50  1.0  
                                      4          0.0  0.00  0.0  0.50  1.0  
                                      5          0.0  0.00  0.0  1.00  1.0  
                             2        3          0.0  0.00  0.0  0.00  0.0  
                                      4          0.0  0.25  0.5  0.75  1.0  
                             3        3          0.0  0.00  0.0  0.00  0.0  
                                      4          0.0  0.00  0.0  0.00  0.0  
                                      5          0.0  0.00  0.0  0.00  0.0  
                             4        3          0.0  0.00  0.0  0.00  1.0  
                                      4          0.0  0.00  0.0  0.00  1.0  
                                      5          0.0  0.00  0.0  0.00  0.0  
                             5        3          0.0  0.00  0.0  0.00  0.0  
                                      4          1.0  1.00  1.0  1.00  1.0  
         education           1        3          0.0  0.00  0.5  1.00  1.0  
                                      4          0.0  0.00  1.0  1.00  1.0  
                                      5          0.0  0.00  1.0  1.00  1.0  
                             2        3          0.0  0.00  0.5  1.00  1.0  
                                      4          0.0  0.00  0.0  1.00  1.0  
                                      5          0.0  0.00  0.0  1.00  1.0  
                             3        3          0.0  0.00  0.0  1.00  1.0  
                                      4          0.0  0.00  0.5  1.00  1.0  
                                      5          0.0  0.00  0.0  0.00  0.0  
         income_level        1        4          0.0  0.25  0.5  0.75  1.0  
                                      5          0.0  0.00  0.0  0.00  0.0  
                             2        3          0.0  0.00  0.0  0.00  1.0  
                                      4          1.0  1.00  1.0  1.00  1.0  
                                      5          0.0  0.00  0.0  0.00  0.0  
                             3        3          0.0  0.00  0.0  0.00  1.0  
                                      4          0.0  0.25  0.5  0.75  1.0  
         occupation          1        3          0.0  0.00  0.0  1.00  1.0  
                                      4          0.0  0.00  1.0  1.00  1.0  
                                      5          0.0  0.00  1.0  1.00  1.0  
                             2        3          0.0  0.00  0.0  0.00  1.0  
                                      4          0.0  0.00  0.0  1.00  1.0  
                                      5          0.0  0.00  1.0  1.00  1.0  
                             3        3          0.0  0.00  0.0  0.50  1.0  
                                      4          0.0  0.50  1.0  1.00  1.0  
                                      5          0.0  0.25  0.5  0.75  1.0  
         relationship_status 1        3          0.0  0.75  1.0  1.00  1.0  
                                      4          0.0  1.00  1.0  1.00  1.0  
                                      5          0.0  0.00  0.0  1.00  1.0  
                             2        3          0.0  0.00  1.0  1.00  1.0  
                                      4          0.0  0.00  0.0  0.50  1.0  
                                      5          0.0  0.00  0.0  0.00  0.0  
                             3        3          0.0  0.00  0.0  0.00  0.0  
                                      4          0.0  0.00  0.0  1.00  1.0  
                                      5          0.0  0.00  0.0  0.00  0.0  
         sex                 1        3          0.0  0.25  0.5  0.75  1.0  
                                      4          0.0  0.00  0.0  1.00  1.0  
                                      5          0.0  0.00  0.0  1.00  1.0  
                             2        3          0.0  0.00  0.0  1.00  1.0  
                                      4          0.0  0.00  0.0  1.00  1.0  
                                      5          0.0  0.00  0.5  1.00  1.0  
                             3        3          0.0  0.00  0.5  1.00  1.0  
                                      4          1.0  1.00  1.0  1.00  1.0  
                                      5          0.0  0.00  0.0  0.00  0.0  
                             4        4          1.0  1.00  1.0  1.00  1.0  
------------------------------------Hardness------------------------------------
                                       count      mean       std  min  25%  \
model    attribute           hardness                                        
Gemma-7B age                 2          18.0  0.388889  0.501631  0.0  0.0   
                             3          18.0  0.166667  0.383482  0.0  0.0   
         birth_city_country  1          13.0  0.153846  0.375534  0.0  0.0   
                             2           5.0  0.600000  0.547723  0.0  0.0   
                             3           1.0  0.000000       NaN  0.0  0.0   
                             4           3.0  0.000000  0.000000  0.0  0.0   
                             5           3.0  0.000000  0.000000  0.0  0.0   
         city_country        1          25.0  0.400000  0.500000  0.0  0.0   
                             2           3.0  0.333333  0.577350  0.0  0.0   
                             3          13.0  0.000000  0.000000  0.0  0.0   
                             4          36.0  0.055556  0.232311  0.0  0.0   
                             5           3.0  0.333333  0.577350  0.0  0.0   
         education           1          50.0  0.580000  0.498569  0.0  0.0   
                             2          32.0  0.468750  0.507007  0.0  0.0   
                             3          18.0  0.333333  0.485071  0.0  0.0   
         income_level        1           4.0  0.250000  0.500000  0.0  0.0   
                             2          25.0  0.200000  0.408248  0.0  0.0   
                             3          16.0  0.250000  0.447214  0.0  0.0   
         occupation          1         127.0  0.614173  0.488718  0.0  0.0   
                             2          71.0  0.323944  0.471310  0.0  0.0   
                             3           8.0  0.500000  0.534522  0.0  0.0   
         relationship_status 1          50.0  0.540000  0.503457  0.0  0.0   
                             2          35.0  0.428571  0.502096  0.0  0.0   
                             3          11.0  0.181818  0.404520  0.0  0.0   
         sex                 1          65.0  0.384615  0.490290  0.0  0.0   
                             2          30.0  0.400000  0.498273  0.0  0.0   
                             3          15.0  0.600000  0.507093  0.0  0.0   
                             4           1.0  1.000000       NaN  1.0  1.0   

                                       50%   75%  max  
model    attribute           hardness                  
Gemma-7B age                 2         0.0  1.00  1.0  
                             3         0.0  0.00  1.0  
         birth_city_country  1         0.0  0.00  1.0  
                             2         1.0  1.00  1.0  
                             3         0.0  0.00  0.0  
                             4         0.0  0.00  0.0  
                             5         0.0  0.00  0.0  
         city_country        1         0.0  1.00  1.0  
                             2         0.0  0.50  1.0  
                             3         0.0  0.00  0.0  
                             4         0.0  0.00  1.0  
                             5         0.0  0.50  1.0  
         education           1         1.0  1.00  1.0  
                             2         0.0  1.00  1.0  
                             3         0.0  1.00  1.0  
         income_level        1         0.0  0.25  1.0  
                             2         0.0  0.00  1.0  
                             3         0.0  0.25  1.0  
         occupation          1         1.0  1.00  1.0  
                             2         0.0  1.00  1.0  
                             3         0.5  1.00  1.0  
         relationship_status 1         1.0  1.00  1.0  
                             2         0.0  1.00  1.0  
                             3         0.0  0.00  1.0  
         sex                 1         0.0  1.00  1.0  
                             2         0.0  1.00  1.0  
                             3         1.0  1.00  1.0  
                             4         1.0  1.00  1.0  
-----------------------------------Certainty------------------------------------
                                        count      mean       std  min   25%  \
model    attribute           certainty                                         
Gemma-7B age                 3           26.0  0.230769  0.429669  0.0  0.00   
                             4            8.0  0.375000  0.517549  0.0  0.00   
                             5            2.0  0.500000  0.707107  0.0  0.25   
         birth_city_country  3           10.0  0.100000  0.316228  0.0  0.00   
                             4            8.0  0.375000  0.517549  0.0  0.00   
                             5            7.0  0.142857  0.377964  0.0  0.00   
         city_country        3           33.0  0.060606  0.242306  0.0  0.00   
                             4           23.0  0.217391  0.421741  0.0  0.00   
                             5           24.0  0.291667  0.464306  0.0  0.00   
         education           3           25.0  0.400000  0.500000  0.0  0.00   
                             4           33.0  0.515152  0.507519  0.0  0.00   
                             5           42.0  0.547619  0.503761  0.0  0.00   
         income_level        3           36.0  0.166667  0.377964  0.0  0.00   
                             4            6.0  0.666667  0.516398  0.0  0.25   
                             5            3.0  0.000000  0.000000  0.0  0.00   
         occupation          3           37.0  0.270270  0.450225  0.0  0.00   
                             4           74.0  0.527027  0.502677  0.0  0.00   
                             5           95.0  0.589474  0.494539  0.0  0.00   
         relationship_status 3           27.0  0.555556  0.506370  0.0  0.00   
                             4           28.0  0.571429  0.503953  0.0  0.00   
                             5           41.0  0.317073  0.471117  0.0  0.00   
         sex                 3           17.0  0.470588  0.514496  0.0  0.00   
                             4           27.0  0.481481  0.509175  0.0  0.00   
                             5           67.0  0.388060  0.490986  0.0  0.00   

                                        50%   75%  max  
model    attribute           certainty                  
Gemma-7B age                 3          0.0  0.00  1.0  
                             4          0.0  1.00  1.0  
                             5          0.5  0.75  1.0  
         birth_city_country  3          0.0  0.00  1.0  
                             4          0.0  1.00  1.0  
                             5          0.0  0.00  1.0  
         city_country        3          0.0  0.00  1.0  
                             4          0.0  0.00  1.0  
                             5          0.0  1.00  1.0  
         education           3          0.0  1.00  1.0  
                             4          1.0  1.00  1.0  
                             5          1.0  1.00  1.0  
         income_level        3          0.0  0.00  1.0  
                             4          1.0  1.00  1.0  
                             5          0.0  0.00  0.0  
         occupation          3          0.0  1.00  1.0  
                             4          1.0  1.00  1.0  
                             5          1.0  1.00  1.0  
         relationship_status 3          1.0  1.00  1.0  
                             4          1.0  1.00  1.0  
                             5          0.0  1.00  1.0  
         sex                 3          0.0  1.00  1.0  
                             4          0.0  1.00  1.0  
                             5          0.0  1.00  1.0  
----------------------------------By Attribute----------------------------------
                              count      mean       std  min  25%  50%  75%  \
model    attribute                                                            
Gemma-7B age                   36.0  0.277778  0.454257  0.0  0.0  0.0  1.0   
         birth_city_country    25.0  0.200000  0.408248  0.0  0.0  0.0  0.0   
         city_country          80.0  0.175000  0.382364  0.0  0.0  0.0  0.0   
         education            100.0  0.500000  0.502519  0.0  0.0  0.5  1.0   
         income_level          45.0  0.222222  0.420437  0.0  0.0  0.0  0.0   
         occupation           206.0  0.509709  0.501124  0.0  0.0  1.0  1.0   
         relationship_status   96.0  0.458333  0.500876  0.0  0.0  0.0  1.0   
         sex                  111.0  0.423423  0.496342  0.0  0.0  0.0  1.0   

                              max  
model    attribute                 
Gemma-7B age                  1.0  
         birth_city_country   1.0  
         city_country         1.0  
         education            1.0  
         income_level         1.0  
         occupation           1.0  
         relationship_status  1.0  
         sex                  1.0  
