------------------------------------Complete------------------------------------
                                                   count      mean       std  \
model      attribute           hardness certainty                              
Llama-2-7b age                 2        3           11.0  0.636364  0.504525   
                                        4            6.0  0.500000  0.547723   
                                        5            1.0  1.000000       NaN   
                               3        3           15.0  0.133333  0.351866   
                                        4            2.0  0.000000  0.000000   
                                        5            1.0  0.000000       NaN   
           birth_city_country  1        3            4.0  0.500000  0.577350   
                                        4            3.0  0.333333  0.577350   
                                        5            6.0  0.166667  0.408248   
                               2        3            1.0  1.000000       NaN   
                                        4            3.0  0.666667  0.577350   
                                        5            1.0  0.000000       NaN   
                               3        3            1.0  1.000000       NaN   
                               4        3            2.0  0.000000  0.000000   
                                        4            1.0  0.000000       NaN   
                               5        3            2.0  0.000000  0.000000   
                                        4            1.0  0.000000       NaN   
           city_country        1        3            3.0  1.000000  0.000000   
                                        4            7.0  0.571429  0.534522   
                                        5           15.0  0.533333  0.516398   
                               2        3            1.0  1.000000       NaN   
                                        4            2.0  1.000000  0.000000   
                               3        3            5.0  0.600000  0.547723   
                                        4            5.0  0.400000  0.547723   
                                        5            3.0  0.333333  0.577350   
                               4        3           22.0  0.090909  0.294245   
                                        4            8.0  0.000000  0.000000   
                                        5            6.0  0.333333  0.516398   
                               5        3            2.0  0.000000  0.000000   
                                        4            1.0  1.000000       NaN   
           education           1        3            4.0  0.750000  0.500000   
                                        4           14.0  0.500000  0.518875   
                                        5           32.0  0.500000  0.508001   
                               2        3            8.0  0.250000  0.462910   
                                        4           15.0  0.333333  0.487950   
                                        5            9.0  0.222222  0.440959   
                               3        3           13.0  0.307692  0.480384   
                                        4            4.0  0.000000  0.000000   
                                        5            1.0  0.000000       NaN   
           income_level        1        4            2.0  1.000000  0.000000   
                                        5            2.0  0.000000  0.000000   
                               2        3           22.0  0.318182  0.476731   
                                        4            2.0  0.000000  0.000000   
                                        5            1.0  0.000000       NaN   
                               3        3           14.0  0.142857  0.363137   
                                        4            2.0  0.500000  0.707107   
           occupation          1        3            7.0  0.714286  0.487950   
                                        4           38.0  0.421053  0.500355   
                                        5           82.0  0.451220  0.500677   
                               2        3           27.0  0.074074  0.266880   
                                        4           34.0  0.176471  0.386953   
                                        5           11.0  0.545455  0.522233   
                               3        3            3.0  0.666667  0.577350   
                                        4            3.0  0.000000  0.000000   
                                        5            2.0  0.500000  0.707107   
           relationship_status 1        3            4.0  0.500000  0.577350   
                                        4           12.0  0.500000  0.522233   
                                        5           34.0  0.176471  0.386953   
                               2        3           19.0  0.473684  0.512989   
                                        4           11.0  0.363636  0.504525   
                                        5            5.0  0.200000  0.447214   
                               3        3            4.0  0.250000  0.500000   
                                        4            5.0  0.200000  0.447214   
                                        5            2.0  0.500000  0.707107   
           sex                 1        3            2.0  0.500000  0.707107   
                                        4            7.0  0.285714  0.487950   
                                        5           56.0  0.285714  0.455842   
                               2        3            5.0  0.400000  0.547723   
                                        4           15.0  0.066667  0.258199   
                                        5           10.0  0.400000  0.516398   
                               3        3           10.0  0.200000  0.421637   
                                        4            4.0  0.000000  0.000000   
                                        5            1.0  0.000000       NaN   
                               4        4            1.0  0.000000       NaN   

                                                   min   25%  50%   75%  max  
model      attribute           hardness certainty                             
Llama-2-7b age                 2        3          0.0  0.00  1.0  1.00  1.0  
                                        4          0.0  0.00  0.5  1.00  1.0  
                                        5          1.0  1.00  1.0  1.00  1.0  
                               3        3          0.0  0.00  0.0  0.00  1.0  
                                        4          0.0  0.00  0.0  0.00  0.0  
                                        5          0.0  0.00  0.0  0.00  0.0  
           birth_city_country  1        3          0.0  0.00  0.5  1.00  1.0  
                                        4          0.0  0.00  0.0  0.50  1.0  
                                        5          0.0  0.00  0.0  0.00  1.0  
                               2        3          1.0  1.00  1.0  1.00  1.0  
                                        4          0.0  0.50  1.0  1.00  1.0  
                                        5          0.0  0.00  0.0  0.00  0.0  
                               3        3          1.0  1.00  1.0  1.00  1.0  
                               4        3          0.0  0.00  0.0  0.00  0.0  
                                        4          0.0  0.00  0.0  0.00  0.0  
                               5        3          0.0  0.00  0.0  0.00  0.0  
                                        4          0.0  0.00  0.0  0.00  0.0  
           city_country        1        3          1.0  1.00  1.0  1.00  1.0  
                                        4          0.0  0.00  1.0  1.00  1.0  
                                        5          0.0  0.00  1.0  1.00  1.0  
                               2        3          1.0  1.00  1.0  1.00  1.0  
                                        4          1.0  1.00  1.0  1.00  1.0  
                               3        3          0.0  0.00  1.0  1.00  1.0  
                                        4          0.0  0.00  0.0  1.00  1.0  
                                        5          0.0  0.00  0.0  0.50  1.0  
                               4        3          0.0  0.00  0.0  0.00  1.0  
                                        4          0.0  0.00  0.0  0.00  0.0  
                                        5          0.0  0.00  0.0  0.75  1.0  
                               5        3          0.0  0.00  0.0  0.00  0.0  
                                        4          1.0  1.00  1.0  1.00  1.0  
           education           1        3          0.0  0.75  1.0  1.00  1.0  
                                        4          0.0  0.00  0.5  1.00  1.0  
                                        5          0.0  0.00  0.5  1.00  1.0  
                               2        3          0.0  0.00  0.0  0.25  1.0  
                                        4          0.0  0.00  0.0  1.00  1.0  
                                        5          0.0  0.00  0.0  0.00  1.0  
                               3        3          0.0  0.00  0.0  1.00  1.0  
                                        4          0.0  0.00  0.0  0.00  0.0  
                                        5          0.0  0.00  0.0  0.00  0.0  
           income_level        1        4          1.0  1.00  1.0  1.00  1.0  
                                        5          0.0  0.00  0.0  0.00  0.0  
                               2        3          0.0  0.00  0.0  1.00  1.0  
                                        4          0.0  0.00  0.0  0.00  0.0  
                                        5          0.0  0.00  0.0  0.00  0.0  
                               3        3          0.0  0.00  0.0  0.00  1.0  
                                        4          0.0  0.25  0.5  0.75  1.0  
           occupation          1        3          0.0  0.50  1.0  1.00  1.0  
                                        4          0.0  0.00  0.0  1.00  1.0  
                                        5          0.0  0.00  0.0  1.00  1.0  
                               2        3          0.0  0.00  0.0  0.00  1.0  
                                        4          0.0  0.00  0.0  0.00  1.0  
                                        5          0.0  0.00  1.0  1.00  1.0  
                               3        3          0.0  0.50  1.0  1.00  1.0  
                                        4          0.0  0.00  0.0  0.00  0.0  
                                        5          0.0  0.25  0.5  0.75  1.0  
           relationship_status 1        3          0.0  0.00  0.5  1.00  1.0  
                                        4          0.0  0.00  0.5  1.00  1.0  
                                        5          0.0  0.00  0.0  0.00  1.0  
                               2        3          0.0  0.00  0.0  1.00  1.0  
                                        4          0.0  0.00  0.0  1.00  1.0  
                                        5          0.0  0.00  0.0  0.00  1.0  
                               3        3          0.0  0.00  0.0  0.25  1.0  
                                        4          0.0  0.00  0.0  0.00  1.0  
                                        5          0.0  0.25  0.5  0.75  1.0  
           sex                 1        3          0.0  0.25  0.5  0.75  1.0  
                                        4          0.0  0.00  0.0  0.50  1.0  
                                        5          0.0  0.00  0.0  1.00  1.0  
                               2        3          0.0  0.00  0.0  1.00  1.0  
                                        4          0.0  0.00  0.0  0.00  1.0  
                                        5          0.0  0.00  0.0  1.00  1.0  
                               3        3          0.0  0.00  0.0  0.00  1.0  
                                        4          0.0  0.00  0.0  0.00  0.0  
                                        5          0.0  0.00  0.0  0.00  0.0  
                               4        4          0.0  0.00  0.0  0.00  0.0  
------------------------------------Hardness------------------------------------
                                         count      mean       std  min  25%  \
model      attribute           hardness                                        
Llama-2-7b age                 2          18.0  0.611111  0.501631  0.0  0.0   
                               3          18.0  0.111111  0.323381  0.0  0.0   
           birth_city_country  1          13.0  0.307692  0.480384  0.0  0.0   
                               2           5.0  0.600000  0.547723  0.0  0.0   
                               3           1.0  1.000000       NaN  1.0  1.0   
                               4           3.0  0.000000  0.000000  0.0  0.0   
                               5           3.0  0.000000  0.000000  0.0  0.0   
           city_country        1          25.0  0.600000  0.500000  0.0  0.0   
                               2           3.0  1.000000  0.000000  1.0  1.0   
                               3          13.0  0.461538  0.518875  0.0  0.0   
                               4          36.0  0.111111  0.318728  0.0  0.0   
                               5           3.0  0.333333  0.577350  0.0  0.0   
           education           1          50.0  0.520000  0.504672  0.0  0.0   
                               2          32.0  0.281250  0.456803  0.0  0.0   
                               3          18.0  0.222222  0.427793  0.0  0.0   
           income_level        1           4.0  0.500000  0.577350  0.0  0.0   
                               2          25.0  0.280000  0.458258  0.0  0.0   
                               3          16.0  0.187500  0.403113  0.0  0.0   
           occupation          1         127.0  0.456693  0.500094  0.0  0.0   
                               2          72.0  0.194444  0.398550  0.0  0.0   
                               3           8.0  0.375000  0.517549  0.0  0.0   
           relationship_status 1          50.0  0.280000  0.453557  0.0  0.0   
                               2          35.0  0.400000  0.497050  0.0  0.0   
                               3          11.0  0.272727  0.467099  0.0  0.0   
           sex                 1          65.0  0.292308  0.458362  0.0  0.0   
                               2          30.0  0.233333  0.430183  0.0  0.0   
                               3          15.0  0.133333  0.351866  0.0  0.0   
                               4           1.0  0.000000       NaN  0.0  0.0   

                                         50%  75%  max  
model      attribute           hardness                 
Llama-2-7b age                 2         1.0  1.0  1.0  
                               3         0.0  0.0  1.0  
           birth_city_country  1         0.0  1.0  1.0  
                               2         1.0  1.0  1.0  
                               3         1.0  1.0  1.0  
                               4         0.0  0.0  0.0  
                               5         0.0  0.0  0.0  
           city_country        1         1.0  1.0  1.0  
                               2         1.0  1.0  1.0  
                               3         0.0  1.0  1.0  
                               4         0.0  0.0  1.0  
                               5         0.0  0.5  1.0  
           education           1         1.0  1.0  1.0  
                               2         0.0  1.0  1.0  
                               3         0.0  0.0  1.0  
           income_level        1         0.5  1.0  1.0  
                               2         0.0  1.0  1.0  
                               3         0.0  0.0  1.0  
           occupation          1         0.0  1.0  1.0  
                               2         0.0  0.0  1.0  
                               3         0.0  1.0  1.0  
           relationship_status 1         0.0  1.0  1.0  
                               2         0.0  1.0  1.0  
                               3         0.0  0.5  1.0  
           sex                 1         0.0  1.0  1.0  
                               2         0.0  0.0  1.0  
                               3         0.0  0.0  1.0  
                               4         0.0  0.0  0.0  
-----------------------------------Certainty------------------------------------
                                          count      mean       std  min  \
model      attribute           certainty                                   
Llama-2-7b age                 3           26.0  0.346154  0.485165  0.0   
                               4            8.0  0.375000  0.517549  0.0   
                               5            2.0  0.500000  0.707107  0.0   
           birth_city_country  3           10.0  0.400000  0.516398  0.0   
                               4            8.0  0.375000  0.517549  0.0   
                               5            7.0  0.142857  0.377964  0.0   
           city_country        3           33.0  0.272727  0.452267  0.0   
                               4           23.0  0.391304  0.499011  0.0   
                               5           24.0  0.458333  0.508977  0.0   
           education           3           25.0  0.360000  0.489898  0.0   
                               4           33.0  0.363636  0.488504  0.0   
                               5           42.0  0.428571  0.500870  0.0   
           income_level        3           36.0  0.250000  0.439155  0.0   
                               4            6.0  0.500000  0.547723  0.0   
                               5            3.0  0.000000  0.000000  0.0   
           occupation          3           37.0  0.243243  0.434959  0.0   
                               4           75.0  0.293333  0.458356  0.0   
                               5           95.0  0.463158  0.501286  0.0   
           relationship_status 3           27.0  0.444444  0.506370  0.0   
                               4           28.0  0.392857  0.497347  0.0   
                               5           41.0  0.195122  0.401218  0.0   
           sex                 3           17.0  0.294118  0.469668  0.0   
                               4           27.0  0.111111  0.320256  0.0   
                               5           67.0  0.298507  0.461057  0.0   

                                           25%  50%   75%  max  
model      attribute           certainty                        
Llama-2-7b age                 3          0.00  0.0  1.00  1.0  
                               4          0.00  0.0  1.00  1.0  
                               5          0.25  0.5  0.75  1.0  
           birth_city_country  3          0.00  0.0  1.00  1.0  
                               4          0.00  0.0  1.00  1.0  
                               5          0.00  0.0  0.00  1.0  
           city_country        3          0.00  0.0  1.00  1.0  
                               4          0.00  0.0  1.00  1.0  
                               5          0.00  0.0  1.00  1.0  
           education           3          0.00  0.0  1.00  1.0  
                               4          0.00  0.0  1.00  1.0  
                               5          0.00  0.0  1.00  1.0  
           income_level        3          0.00  0.0  0.25  1.0  
                               4          0.00  0.5  1.00  1.0  
                               5          0.00  0.0  0.00  0.0  
           occupation          3          0.00  0.0  0.00  1.0  
                               4          0.00  0.0  1.00  1.0  
                               5          0.00  0.0  1.00  1.0  
           relationship_status 3          0.00  0.0  1.00  1.0  
                               4          0.00  0.0  1.00  1.0  
                               5          0.00  0.0  0.00  1.0  
           sex                 3          0.00  0.0  1.00  1.0  
                               4          0.00  0.0  0.00  1.0  
                               5          0.00  0.0  1.00  1.0  
----------------------------------By Attribute----------------------------------
                                count      mean       std  min  25%  50%  75%  \
model      attribute                                                            
Llama-2-7b age                   36.0  0.361111  0.487136  0.0  0.0  0.0  1.0   
           birth_city_country    25.0  0.320000  0.476095  0.0  0.0  0.0  1.0   
           city_country          80.0  0.362500  0.483755  0.0  0.0  0.0  1.0   
           education            100.0  0.390000  0.490207  0.0  0.0  0.0  1.0   
           income_level          45.0  0.266667  0.447214  0.0  0.0  0.0  1.0   
           occupation           207.0  0.362319  0.481836  0.0  0.0  0.0  1.0   
           relationship_status   96.0  0.322917  0.470046  0.0  0.0  0.0  1.0   
           sex                  111.0  0.252252  0.436275  0.0  0.0  0.0  0.5   

                                max  
model      attribute                 
Llama-2-7b age                  1.0  
           birth_city_country   1.0  
           city_country         1.0  
           education            1.0  
           income_level         1.0  
           occupation           1.0  
           relationship_status  1.0  
           sex                  1.0  
