------------------------------------Complete------------------------------------
                                                    count      mean       std  \
model       attribute           hardness certainty                              
Llama-2-70b age                 2        3           11.0  0.636364  0.504525   
                                         4            6.0  0.833333  0.408248   
                                         5            1.0  1.000000       NaN   
                                3        3           15.0  0.333333  0.487950   
                                         4            2.0  0.500000  0.707107   
                                         5            1.0  1.000000       NaN   
            birth_city_country  1        3            4.0  1.000000  0.000000   
                                         4            3.0  0.333333  0.577350   
                                         5            6.0  0.833333  0.408248   
                                2        3            1.0  1.000000       NaN   
                                         4            3.0  0.666667  0.577350   
                                         5            1.0  1.000000       NaN   
                                3        3            1.0  1.000000       NaN   
                                4        3            2.0  0.000000  0.000000   
                                         4            1.0  1.000000       NaN   
                                5        3            2.0  0.000000  0.000000   
                                         4            1.0  0.000000       NaN   
            city_country        1        3            3.0  1.000000  0.000000   
                                         4            7.0  0.571429  0.534522   
                                         5           15.0  0.800000  0.414039   
                                2        3            1.0  0.000000       NaN   
                                         4            2.0  0.500000  0.707107   
                                3        3            5.0  0.200000  0.447214   
                                         4            5.0  0.400000  0.547723   
                                         5            3.0  0.333333  0.577350   
                                4        3           22.0  0.227273  0.428932   
                                         4            8.0  0.375000  0.517549   
                                         5            6.0  0.500000  0.547723   
                                5        3            2.0  0.000000  0.000000   
                                         4            1.0  1.000000       NaN   
            education           1        3            4.0  0.750000  0.500000   
                                         4           14.0  0.714286  0.468807   
                                         5           32.0  0.593750  0.498991   
                                2        3            8.0  0.750000  0.462910   
                                         4           15.0  0.266667  0.457738   
                                         5            9.0  0.555556  0.527046   
                                3        3           13.0  0.307692  0.480384   
                                         4            4.0  0.250000  0.500000   
                                         5            1.0  0.000000       NaN   
            income_level        1        4            2.0  0.500000  0.707107   
                                         5            2.0  1.000000  0.000000   
                                2        3           22.0  0.500000  0.511766   
                                         4            2.0  1.000000  0.000000   
                                         5            1.0  0.000000       NaN   
                                3        3           14.0  0.500000  0.518875   
                                         4            2.0  0.000000  0.000000   
            occupation          1        3            7.0  0.714286  0.487950   
                                         4           38.0  0.500000  0.506712   
                                         5           82.0  0.682927  0.468200   
                                2        3           27.0  0.481481  0.509175   
                                         4           34.0  0.441176  0.503995   
                                         5           11.0  0.818182  0.404520   
                                3        3            3.0  1.000000  0.000000   
                                         4            3.0  0.666667  0.577350   
                                         5            2.0  1.000000  0.000000   
            relationship_status 1        3            4.0  1.000000  0.000000   
                                         4           12.0  0.916667  0.288675   
                                         5           34.0  0.411765  0.499554   
                                2        3           19.0  0.526316  0.512989   
                                         4           11.0  0.545455  0.522233   
                                         5            5.0  0.400000  0.547723   
                                3        3            4.0  0.750000  0.500000   
                                         4            5.0  0.600000  0.547723   
                                         5            2.0  1.000000  0.000000   
            sex                 1        3            2.0  0.500000  0.707107   
                                         4            7.0  0.285714  0.487950   
                                         5           56.0  0.767857  0.426021   
                                2        3            5.0  0.600000  0.547723   
                                         4           15.0  0.666667  0.487950   
                                         5           10.0  0.800000  0.421637   
                                3        3           10.0  0.500000  0.527046   
                                         4            4.0  0.750000  0.500000   
                                         5            1.0  1.000000       NaN   
                                4        4            1.0  1.000000       NaN   

                                                    min   25%  50%   75%  max  
model       attribute           hardness certainty                             
Llama-2-70b age                 2        3          0.0  0.00  1.0  1.00  1.0  
                                         4          0.0  1.00  1.0  1.00  1.0  
                                         5          1.0  1.00  1.0  1.00  1.0  
                                3        3          0.0  0.00  0.0  1.00  1.0  
                                         4          0.0  0.25  0.5  0.75  1.0  
                                         5          1.0  1.00  1.0  1.00  1.0  
            birth_city_country  1        3          1.0  1.00  1.0  1.00  1.0  
                                         4          0.0  0.00  0.0  0.50  1.0  
                                         5          0.0  1.00  1.0  1.00  1.0  
                                2        3          1.0  1.00  1.0  1.00  1.0  
                                         4          0.0  0.50  1.0  1.00  1.0  
                                         5          1.0  1.00  1.0  1.00  1.0  
                                3        3          1.0  1.00  1.0  1.00  1.0  
                                4        3          0.0  0.00  0.0  0.00  0.0  
                                         4          1.0  1.00  1.0  1.00  1.0  
                                5        3          0.0  0.00  0.0  0.00  0.0  
                                         4          0.0  0.00  0.0  0.00  0.0  
            city_country        1        3          1.0  1.00  1.0  1.00  1.0  
                                         4          0.0  0.00  1.0  1.00  1.0  
                                         5          0.0  1.00  1.0  1.00  1.0  
                                2        3          0.0  0.00  0.0  0.00  0.0  
                                         4          0.0  0.25  0.5  0.75  1.0  
                                3        3          0.0  0.00  0.0  0.00  1.0  
                                         4          0.0  0.00  0.0  1.00  1.0  
                                         5          0.0  0.00  0.0  0.50  1.0  
                                4        3          0.0  0.00  0.0  0.00  1.0  
                                         4          0.0  0.00  0.0  1.00  1.0  
                                         5          0.0  0.00  0.5  1.00  1.0  
                                5        3          0.0  0.00  0.0  0.00  0.0  
                                         4          1.0  1.00  1.0  1.00  1.0  
            education           1        3          0.0  0.75  1.0  1.00  1.0  
                                         4          0.0  0.25  1.0  1.00  1.0  
                                         5          0.0  0.00  1.0  1.00  1.0  
                                2        3          0.0  0.75  1.0  1.00  1.0  
                                         4          0.0  0.00  0.0  0.50  1.0  
                                         5          0.0  0.00  1.0  1.00  1.0  
                                3        3          0.0  0.00  0.0  1.00  1.0  
                                         4          0.0  0.00  0.0  0.25  1.0  
                                         5          0.0  0.00  0.0  0.00  0.0  
            income_level        1        4          0.0  0.25  0.5  0.75  1.0  
                                         5          1.0  1.00  1.0  1.00  1.0  
                                2        3          0.0  0.00  0.5  1.00  1.0  
                                         4          1.0  1.00  1.0  1.00  1.0  
                                         5          0.0  0.00  0.0  0.00  0.0  
                                3        3          0.0  0.00  0.5  1.00  1.0  
                                         4          0.0  0.00  0.0  0.00  0.0  
            occupation          1        3          0.0  0.50  1.0  1.00  1.0  
                                         4          0.0  0.00  0.5  1.00  1.0  
                                         5          0.0  0.00  1.0  1.00  1.0  
                                2        3          0.0  0.00  0.0  1.00  1.0  
                                         4          0.0  0.00  0.0  1.00  1.0  
                                         5          0.0  1.00  1.0  1.00  1.0  
                                3        3          1.0  1.00  1.0  1.00  1.0  
                                         4          0.0  0.50  1.0  1.00  1.0  
                                         5          1.0  1.00  1.0  1.00  1.0  
            relationship_status 1        3          1.0  1.00  1.0  1.00  1.0  
                                         4          0.0  1.00  1.0  1.00  1.0  
                                         5          0.0  0.00  0.0  1.00  1.0  
                                2        3          0.0  0.00  1.0  1.00  1.0  
                                         4          0.0  0.00  1.0  1.00  1.0  
                                         5          0.0  0.00  0.0  1.00  1.0  
                                3        3          0.0  0.75  1.0  1.00  1.0  
                                         4          0.0  0.00  1.0  1.00  1.0  
                                         5          1.0  1.00  1.0  1.00  1.0  
            sex                 1        3          0.0  0.25  0.5  0.75  1.0  
                                         4          0.0  0.00  0.0  0.50  1.0  
                                         5          0.0  1.00  1.0  1.00  1.0  
                                2        3          0.0  0.00  1.0  1.00  1.0  
                                         4          0.0  0.00  1.0  1.00  1.0  
                                         5          0.0  1.00  1.0  1.00  1.0  
                                3        3          0.0  0.00  0.5  1.00  1.0  
                                         4          0.0  0.75  1.0  1.00  1.0  
                                         5          1.0  1.00  1.0  1.00  1.0  
                                4        4          1.0  1.00  1.0  1.00  1.0  
------------------------------------Hardness------------------------------------
                                          count      mean       std  min  \
model       attribute           hardness                                   
Llama-2-70b age                 2          18.0  0.722222  0.460889  0.0   
                                3          18.0  0.388889  0.501631  0.0   
            birth_city_country  1          13.0  0.769231  0.438529  0.0   
                                2           5.0  0.800000  0.447214  0.0   
                                3           1.0  1.000000       NaN  1.0   
                                4           3.0  0.333333  0.577350  0.0   
                                5           3.0  0.000000  0.000000  0.0   
            city_country        1          25.0  0.760000  0.435890  0.0   
                                2           3.0  0.333333  0.577350  0.0   
                                3          13.0  0.307692  0.480384  0.0   
                                4          36.0  0.305556  0.467177  0.0   
                                5           3.0  0.333333  0.577350  0.0   
            education           1          50.0  0.640000  0.484873  0.0   
                                2          32.0  0.468750  0.507007  0.0   
                                3          18.0  0.277778  0.460889  0.0   
            income_level        1           4.0  0.750000  0.500000  0.0   
                                2          25.0  0.520000  0.509902  0.0   
                                3          16.0  0.437500  0.512348  0.0   
            occupation          1         127.0  0.629921  0.484738  0.0   
                                2          72.0  0.513889  0.503315  0.0   
                                3           8.0  0.875000  0.353553  0.0   
            relationship_status 1          50.0  0.580000  0.498569  0.0   
                                2          35.0  0.514286  0.507093  0.0   
                                3          11.0  0.727273  0.467099  0.0   
            sex                 1          65.0  0.707692  0.458362  0.0   
                                2          30.0  0.700000  0.466092  0.0   
                                3          15.0  0.600000  0.507093  0.0   
                                4           1.0  1.000000       NaN  1.0   

                                           25%  50%   75%  max  
model       attribute           hardness                        
Llama-2-70b age                 2         0.25  1.0  1.00  1.0  
                                3         0.00  0.0  1.00  1.0  
            birth_city_country  1         1.00  1.0  1.00  1.0  
                                2         1.00  1.0  1.00  1.0  
                                3         1.00  1.0  1.00  1.0  
                                4         0.00  0.0  0.50  1.0  
                                5         0.00  0.0  0.00  0.0  
            city_country        1         1.00  1.0  1.00  1.0  
                                2         0.00  0.0  0.50  1.0  
                                3         0.00  0.0  1.00  1.0  
                                4         0.00  0.0  1.00  1.0  
                                5         0.00  0.0  0.50  1.0  
            education           1         0.00  1.0  1.00  1.0  
                                2         0.00  0.0  1.00  1.0  
                                3         0.00  0.0  0.75  1.0  
            income_level        1         0.75  1.0  1.00  1.0  
                                2         0.00  1.0  1.00  1.0  
                                3         0.00  0.0  1.00  1.0  
            occupation          1         0.00  1.0  1.00  1.0  
                                2         0.00  1.0  1.00  1.0  
                                3         1.00  1.0  1.00  1.0  
            relationship_status 1         0.00  1.0  1.00  1.0  
                                2         0.00  1.0  1.00  1.0  
                                3         0.50  1.0  1.00  1.0  
            sex                 1         0.00  1.0  1.00  1.0  
                                2         0.00  1.0  1.00  1.0  
                                3         0.00  1.0  1.00  1.0  
                                4         1.00  1.0  1.00  1.0  
-----------------------------------Certainty------------------------------------
                                           count      mean       std  min  \
model       attribute           certainty                                   
Llama-2-70b age                 3           26.0  0.461538  0.508391  0.0   
                                4            8.0  0.750000  0.462910  0.0   
                                5            2.0  1.000000  0.000000  1.0   
            birth_city_country  3           10.0  0.600000  0.516398  0.0   
                                4            8.0  0.500000  0.534522  0.0   
                                5            7.0  0.857143  0.377964  0.0   
            city_country        3           33.0  0.272727  0.452267  0.0   
                                4           23.0  0.478261  0.510754  0.0   
                                5           24.0  0.666667  0.481543  0.0   
            education           3           25.0  0.520000  0.509902  0.0   
                                4           33.0  0.454545  0.505650  0.0   
                                5           42.0  0.571429  0.500870  0.0   
            income_level        3           36.0  0.500000  0.507093  0.0   
                                4            6.0  0.500000  0.547723  0.0   
                                5            3.0  0.666667  0.577350  0.0   
            occupation          3           37.0  0.567568  0.502247  0.0   
                                4           75.0  0.480000  0.502964  0.0   
                                5           95.0  0.705263  0.458343  0.0   
            relationship_status 3           27.0  0.629630  0.492103  0.0   
                                4           28.0  0.714286  0.460044  0.0   
                                5           41.0  0.439024  0.502433  0.0   
            sex                 3           17.0  0.529412  0.514496  0.0   
                                4           27.0  0.592593  0.500712  0.0   
                                5           67.0  0.776119  0.419989  0.0   

                                            25%  50%  75%  max  
model       attribute           certainty                       
Llama-2-70b age                 3          0.00  0.0  1.0  1.0  
                                4          0.75  1.0  1.0  1.0  
                                5          1.00  1.0  1.0  1.0  
            birth_city_country  3          0.00  1.0  1.0  1.0  
                                4          0.00  0.5  1.0  1.0  
                                5          1.00  1.0  1.0  1.0  
            city_country        3          0.00  0.0  1.0  1.0  
                                4          0.00  0.0  1.0  1.0  
                                5          0.00  1.0  1.0  1.0  
            education           3          0.00  1.0  1.0  1.0  
                                4          0.00  0.0  1.0  1.0  
                                5          0.00  1.0  1.0  1.0  
            income_level        3          0.00  0.5  1.0  1.0  
                                4          0.00  0.5  1.0  1.0  
                                5          0.50  1.0  1.0  1.0  
            occupation          3          0.00  1.0  1.0  1.0  
                                4          0.00  0.0  1.0  1.0  
                                5          0.00  1.0  1.0  1.0  
            relationship_status 3          0.00  1.0  1.0  1.0  
                                4          0.00  1.0  1.0  1.0  
                                5          0.00  0.0  1.0  1.0  
            sex                 3          0.00  1.0  1.0  1.0  
                                4          0.00  1.0  1.0  1.0  
                                5          1.00  1.0  1.0  1.0  
----------------------------------By Attribute----------------------------------
                                 count      mean       std  min  25%  50%  \
model       attribute                                                       
Llama-2-70b age                   36.0  0.555556  0.503953  0.0  0.0  1.0   
            birth_city_country    25.0  0.640000  0.489898  0.0  0.0  1.0   
            city_country          80.0  0.450000  0.500633  0.0  0.0  0.0   
            education            100.0  0.520000  0.502117  0.0  0.0  1.0   
            income_level          45.0  0.511111  0.505525  0.0  0.0  1.0   
            occupation           207.0  0.599034  0.491282  0.0  0.0  1.0   
            relationship_status   96.0  0.572917  0.497251  0.0  0.0  1.0   
            sex                  111.0  0.693694  0.463049  0.0  0.0  1.0   

                                 75%  max  
model       attribute                      
Llama-2-70b age                  1.0  1.0  
            birth_city_country   1.0  1.0  
            city_country         1.0  1.0  
            education            1.0  1.0  
            income_level         1.0  1.0  
            occupation           1.0  1.0  
            relationship_status  1.0  1.0  
            sex                  1.0  1.0  
