------------------------------------Complete------------------------------------
                                                    count      mean       std  \
model       attribute           hardness certainty                              
Llama-3-70b age                 2        3           11.0  0.909091  0.301511   
                                         4            6.0  0.833333  0.408248   
                                         5            1.0  1.000000       NaN   
                                3        3           15.0  0.400000  0.507093   
                                         4            2.0  1.000000  0.000000   
                                         5            1.0  1.000000       NaN   
            birth_city_country  1        3            4.0  1.000000  0.000000   
                                         4            3.0  1.000000  0.000000   
                                         5            6.0  1.000000  0.000000   
                                2        3            1.0  1.000000       NaN   
                                         4            3.0  0.666667  0.577350   
                                         5            1.0  1.000000       NaN   
                                3        3            1.0  1.000000       NaN   
                                4        3            2.0  0.500000  0.707107   
                                         4            1.0  1.000000       NaN   
                                5        3            2.0  1.000000  0.000000   
                                         4            1.0  1.000000       NaN   
            city_country        1        3            3.0  1.000000  0.000000   
                                         4            7.0  0.857143  0.377964   
                                         5           15.0  0.933333  0.258199   
                                2        3            1.0  1.000000       NaN   
                                         4            2.0  1.000000  0.000000   
                                3        3            5.0  0.800000  0.447214   
                                         4            5.0  0.400000  0.547723   
                                         5            3.0  0.666667  0.577350   
                                4        3           22.0  0.636364  0.492366   
                                         4            8.0  0.750000  0.462910   
                                         5            6.0  0.833333  0.408248   
                                5        3            2.0  0.000000  0.000000   
                                         4            1.0  0.000000       NaN   
            education           1        3            4.0  1.000000  0.000000   
                                         4           14.0  0.928571  0.267261   
                                         5           32.0  0.843750  0.368902   
                                2        3            8.0  0.750000  0.462910   
                                         4           15.0  0.600000  0.507093   
                                         5            9.0  0.555556  0.527046   
                                3        3           13.0  0.538462  0.518875   
                                         4            4.0  0.250000  0.500000   
                                         5            1.0  1.000000       NaN   
            income_level        1        4            2.0  0.500000  0.707107   
                                         5            2.0  1.000000  0.000000   
                                2        3           22.0  0.500000  0.511766   
                                         4            2.0  0.500000  0.707107   
                                         5            1.0  1.000000       NaN   
                                3        3           14.0  0.357143  0.497245   
                                         4            2.0  0.000000  0.000000   
            occupation          1        3            7.0  0.714286  0.487950   
                                         4           38.0  0.578947  0.500355   
                                         5           82.0  0.756098  0.432077   
                                2        3           27.0  0.666667  0.480384   
                                         4           34.0  0.529412  0.506640   
                                         5           11.0  0.818182  0.404520   
                                3        3            3.0  0.666667  0.577350   
                                         4            3.0  1.000000  0.000000   
                                         5            2.0  0.500000  0.707107   
            relationship_status 1        3            4.0  1.000000  0.000000   
                                         4           12.0  1.000000  0.000000   
                                         5           34.0  0.735294  0.447811   
                                2        3           19.0  0.631579  0.495595   
                                         4           11.0  0.727273  0.467099   
                                         5            5.0  0.600000  0.547723   
                                3        3            4.0  0.500000  0.577350   
                                         4            5.0  0.600000  0.547723   
                                         5            2.0  0.500000  0.707107   
            sex                 1        3            2.0  1.000000  0.000000   
                                         4            7.0  0.714286  0.487950   
                                         5           56.0  0.910714  0.287736   
                                2        3            5.0  0.600000  0.547723   
                                         4           15.0  0.800000  0.414039   
                                         5           10.0  0.700000  0.483046   
                                3        3           10.0  0.600000  0.516398   
                                         4            4.0  1.000000  0.000000   
                                         5            1.0  0.000000       NaN   
                                4        4            1.0  1.000000       NaN   

                                                    min   25%  50%   75%  max  
model       attribute           hardness certainty                             
Llama-3-70b age                 2        3          0.0  1.00  1.0  1.00  1.0  
                                         4          0.0  1.00  1.0  1.00  1.0  
                                         5          1.0  1.00  1.0  1.00  1.0  
                                3        3          0.0  0.00  0.0  1.00  1.0  
                                         4          1.0  1.00  1.0  1.00  1.0  
                                         5          1.0  1.00  1.0  1.00  1.0  
            birth_city_country  1        3          1.0  1.00  1.0  1.00  1.0  
                                         4          1.0  1.00  1.0  1.00  1.0  
                                         5          1.0  1.00  1.0  1.00  1.0  
                                2        3          1.0  1.00  1.0  1.00  1.0  
                                         4          0.0  0.50  1.0  1.00  1.0  
                                         5          1.0  1.00  1.0  1.00  1.0  
                                3        3          1.0  1.00  1.0  1.00  1.0  
                                4        3          0.0  0.25  0.5  0.75  1.0  
                                         4          1.0  1.00  1.0  1.00  1.0  
                                5        3          1.0  1.00  1.0  1.00  1.0  
                                         4          1.0  1.00  1.0  1.00  1.0  
            city_country        1        3          1.0  1.00  1.0  1.00  1.0  
                                         4          0.0  1.00  1.0  1.00  1.0  
                                         5          0.0  1.00  1.0  1.00  1.0  
                                2        3          1.0  1.00  1.0  1.00  1.0  
                                         4          1.0  1.00  1.0  1.00  1.0  
                                3        3          0.0  1.00  1.0  1.00  1.0  
                                         4          0.0  0.00  0.0  1.00  1.0  
                                         5          0.0  0.50  1.0  1.00  1.0  
                                4        3          0.0  0.00  1.0  1.00  1.0  
                                         4          0.0  0.75  1.0  1.00  1.0  
                                         5          0.0  1.00  1.0  1.00  1.0  
                                5        3          0.0  0.00  0.0  0.00  0.0  
                                         4          0.0  0.00  0.0  0.00  0.0  
            education           1        3          1.0  1.00  1.0  1.00  1.0  
                                         4          0.0  1.00  1.0  1.00  1.0  
                                         5          0.0  1.00  1.0  1.00  1.0  
                                2        3          0.0  0.75  1.0  1.00  1.0  
                                         4          0.0  0.00  1.0  1.00  1.0  
                                         5          0.0  0.00  1.0  1.00  1.0  
                                3        3          0.0  0.00  1.0  1.00  1.0  
                                         4          0.0  0.00  0.0  0.25  1.0  
                                         5          1.0  1.00  1.0  1.00  1.0  
            income_level        1        4          0.0  0.25  0.5  0.75  1.0  
                                         5          1.0  1.00  1.0  1.00  1.0  
                                2        3          0.0  0.00  0.5  1.00  1.0  
                                         4          0.0  0.25  0.5  0.75  1.0  
                                         5          1.0  1.00  1.0  1.00  1.0  
                                3        3          0.0  0.00  0.0  1.00  1.0  
                                         4          0.0  0.00  0.0  0.00  0.0  
            occupation          1        3          0.0  0.50  1.0  1.00  1.0  
                                         4          0.0  0.00  1.0  1.00  1.0  
                                         5          0.0  1.00  1.0  1.00  1.0  
                                2        3          0.0  0.00  1.0  1.00  1.0  
                                         4          0.0  0.00  1.0  1.00  1.0  
                                         5          0.0  1.00  1.0  1.00  1.0  
                                3        3          0.0  0.50  1.0  1.00  1.0  
                                         4          1.0  1.00  1.0  1.00  1.0  
                                         5          0.0  0.25  0.5  0.75  1.0  
            relationship_status 1        3          1.0  1.00  1.0  1.00  1.0  
                                         4          1.0  1.00  1.0  1.00  1.0  
                                         5          0.0  0.25  1.0  1.00  1.0  
                                2        3          0.0  0.00  1.0  1.00  1.0  
                                         4          0.0  0.50  1.0  1.00  1.0  
                                         5          0.0  0.00  1.0  1.00  1.0  
                                3        3          0.0  0.00  0.5  1.00  1.0  
                                         4          0.0  0.00  1.0  1.00  1.0  
                                         5          0.0  0.25  0.5  0.75  1.0  
            sex                 1        3          1.0  1.00  1.0  1.00  1.0  
                                         4          0.0  0.50  1.0  1.00  1.0  
                                         5          0.0  1.00  1.0  1.00  1.0  
                                2        3          0.0  0.00  1.0  1.00  1.0  
                                         4          0.0  1.00  1.0  1.00  1.0  
                                         5          0.0  0.25  1.0  1.00  1.0  
                                3        3          0.0  0.00  1.0  1.00  1.0  
                                         4          1.0  1.00  1.0  1.00  1.0  
                                         5          0.0  0.00  0.0  0.00  0.0  
                                4        4          1.0  1.00  1.0  1.00  1.0  
------------------------------------Hardness------------------------------------
                                          count      mean       std  min  \
model       attribute           hardness                                   
Llama-3-70b age                 2          18.0  0.888889  0.323381  0.0   
                                3          18.0  0.500000  0.514496  0.0   
            birth_city_country  1          13.0  1.000000  0.000000  1.0   
                                2           5.0  0.800000  0.447214  0.0   
                                3           1.0  1.000000       NaN  1.0   
                                4           3.0  0.666667  0.577350  0.0   
                                5           3.0  1.000000  0.000000  1.0   
            city_country        1          25.0  0.920000  0.276887  0.0   
                                2           3.0  1.000000  0.000000  1.0   
                                3          13.0  0.615385  0.506370  0.0   
                                4          36.0  0.694444  0.467177  0.0   
                                5           3.0  0.000000  0.000000  0.0   
            education           1          50.0  0.880000  0.328261  0.0   
                                2          32.0  0.625000  0.491869  0.0   
                                3          18.0  0.500000  0.514496  0.0   
            income_level        1           4.0  0.750000  0.500000  0.0   
                                2          25.0  0.520000  0.509902  0.0   
                                3          16.0  0.312500  0.478714  0.0   
            occupation          1         127.0  0.700787  0.459727  0.0   
                                2          72.0  0.625000  0.487520  0.0   
                                3           8.0  0.750000  0.462910  0.0   
            relationship_status 1          50.0  0.820000  0.388088  0.0   
                                2          35.0  0.657143  0.481594  0.0   
                                3          11.0  0.545455  0.522233  0.0   
            sex                 1          65.0  0.892308  0.312404  0.0   
                                2          30.0  0.733333  0.449776  0.0   
                                3          15.0  0.666667  0.487950  0.0   
                                4           1.0  1.000000       NaN  1.0   

                                           25%  50%  75%  max  
model       attribute           hardness                       
Llama-3-70b age                 2         1.00  1.0  1.0  1.0  
                                3         0.00  0.5  1.0  1.0  
            birth_city_country  1         1.00  1.0  1.0  1.0  
                                2         1.00  1.0  1.0  1.0  
                                3         1.00  1.0  1.0  1.0  
                                4         0.50  1.0  1.0  1.0  
                                5         1.00  1.0  1.0  1.0  
            city_country        1         1.00  1.0  1.0  1.0  
                                2         1.00  1.0  1.0  1.0  
                                3         0.00  1.0  1.0  1.0  
                                4         0.00  1.0  1.0  1.0  
                                5         0.00  0.0  0.0  0.0  
            education           1         1.00  1.0  1.0  1.0  
                                2         0.00  1.0  1.0  1.0  
                                3         0.00  0.5  1.0  1.0  
            income_level        1         0.75  1.0  1.0  1.0  
                                2         0.00  1.0  1.0  1.0  
                                3         0.00  0.0  1.0  1.0  
            occupation          1         0.00  1.0  1.0  1.0  
                                2         0.00  1.0  1.0  1.0  
                                3         0.75  1.0  1.0  1.0  
            relationship_status 1         1.00  1.0  1.0  1.0  
                                2         0.00  1.0  1.0  1.0  
                                3         0.00  1.0  1.0  1.0  
            sex                 1         1.00  1.0  1.0  1.0  
                                2         0.25  1.0  1.0  1.0  
                                3         0.00  1.0  1.0  1.0  
                                4         1.00  1.0  1.0  1.0  
-----------------------------------Certainty------------------------------------
                                           count      mean       std  min  \
model       attribute           certainty                                   
Llama-3-70b age                 3           26.0  0.615385  0.496139  0.0   
                                4            8.0  0.875000  0.353553  0.0   
                                5            2.0  1.000000  0.000000  1.0   
            birth_city_country  3           10.0  0.900000  0.316228  0.0   
                                4            8.0  0.875000  0.353553  0.0   
                                5            7.0  1.000000  0.000000  1.0   
            city_country        3           33.0  0.666667  0.478714  0.0   
                                4           23.0  0.695652  0.470472  0.0   
                                5           24.0  0.875000  0.337832  0.0   
            education           3           25.0  0.680000  0.476095  0.0   
                                4           33.0  0.696970  0.466694  0.0   
                                5           42.0  0.785714  0.415300  0.0   
            income_level        3           36.0  0.444444  0.503953  0.0   
                                4            6.0  0.333333  0.516398  0.0   
                                5            3.0  1.000000  0.000000  1.0   
            occupation          3           37.0  0.675676  0.474579  0.0   
                                4           75.0  0.573333  0.497924  0.0   
                                5           95.0  0.757895  0.430630  0.0   
            relationship_status 3           27.0  0.666667  0.480384  0.0   
                                4           28.0  0.821429  0.390021  0.0   
                                5           41.0  0.707317  0.460646  0.0   
            sex                 3           17.0  0.647059  0.492592  0.0   
                                4           27.0  0.814815  0.395847  0.0   
                                5           67.0  0.865672  0.343578  0.0   

                                           25%  50%   75%  max  
model       attribute           certainty                       
Llama-3-70b age                 3          0.0  1.0  1.00  1.0  
                                4          1.0  1.0  1.00  1.0  
                                5          1.0  1.0  1.00  1.0  
            birth_city_country  3          1.0  1.0  1.00  1.0  
                                4          1.0  1.0  1.00  1.0  
                                5          1.0  1.0  1.00  1.0  
            city_country        3          0.0  1.0  1.00  1.0  
                                4          0.0  1.0  1.00  1.0  
                                5          1.0  1.0  1.00  1.0  
            education           3          0.0  1.0  1.00  1.0  
                                4          0.0  1.0  1.00  1.0  
                                5          1.0  1.0  1.00  1.0  
            income_level        3          0.0  0.0  1.00  1.0  
                                4          0.0  0.0  0.75  1.0  
                                5          1.0  1.0  1.00  1.0  
            occupation          3          0.0  1.0  1.00  1.0  
                                4          0.0  1.0  1.00  1.0  
                                5          1.0  1.0  1.00  1.0  
            relationship_status 3          0.0  1.0  1.00  1.0  
                                4          1.0  1.0  1.00  1.0  
                                5          0.0  1.0  1.00  1.0  
            sex                 3          0.0  1.0  1.00  1.0  
                                4          1.0  1.0  1.00  1.0  
                                5          1.0  1.0  1.00  1.0  
----------------------------------By Attribute----------------------------------
                                 count      mean       std  min  25%  50%  \
model       attribute                                                       
Llama-3-70b age                   36.0  0.694444  0.467177  0.0  0.0  1.0   
            birth_city_country    25.0  0.920000  0.276887  0.0  1.0  1.0   
            city_country          80.0  0.737500  0.442769  0.0  0.0  1.0   
            education            100.0  0.730000  0.446196  0.0  0.0  1.0   
            income_level          45.0  0.466667  0.504525  0.0  0.0  0.0   
            occupation           207.0  0.676329  0.469011  0.0  0.0  1.0   
            relationship_status   96.0  0.729167  0.446723  0.0  0.0  1.0   
            sex                  111.0  0.819820  0.386080  0.0  1.0  1.0   

                                 75%  max  
model       attribute                      
Llama-3-70b age                  1.0  1.0  
            birth_city_country   1.0  1.0  
            city_country         1.0  1.0  
            education            1.0  1.0  
            income_level         1.0  1.0  
            occupation           1.0  1.0  
            relationship_status  1.0  1.0  
            sex                  1.0  1.0  
