------------------------------------Complete------------------------------------
                                                    count      mean       std  \
model       attribute           hardness certainty                              
Llama-2-13b age                 2        3           11.0  0.727273  0.467099   
                                         4            6.0  0.666667  0.516398   
                                         5            1.0  1.000000       NaN   
                                3        3           15.0  0.333333  0.487950   
                                         4            2.0  0.000000  0.000000   
                                         5            1.0  1.000000       NaN   
            birth_city_country  1        3            4.0  0.250000  0.500000   
                                         4            3.0  0.333333  0.577350   
                                         5            6.0  0.333333  0.516398   
                                2        3            1.0  0.000000       NaN   
                                         4            3.0  0.666667  0.577350   
                                         5            1.0  1.000000       NaN   
                                3        3            1.0  0.000000       NaN   
                                4        3            2.0  0.000000  0.000000   
                                         4            1.0  0.000000       NaN   
                                5        3            2.0  0.500000  0.707107   
                                         4            1.0  0.000000       NaN   
            city_country        1        3            3.0  1.000000  0.000000   
                                         4            7.0  0.714286  0.487950   
                                         5           15.0  0.600000  0.507093   
                                2        3            1.0  0.000000       NaN   
                                         4            2.0  0.000000  0.000000   
                                3        3            5.0  0.200000  0.447214   
                                         4            5.0  0.200000  0.447214   
                                         5            3.0  0.333333  0.577350   
                                4        3           22.0  0.318182  0.476731   
                                         4            8.0  0.250000  0.462910   
                                         5            6.0  0.000000  0.000000   
                                5        3            2.0  0.000000  0.000000   
                                         4            1.0  1.000000       NaN   
            education           1        3            4.0  0.750000  0.500000   
                                         4           14.0  0.642857  0.497245   
                                         5           32.0  0.593750  0.498991   
                                2        3            8.0  0.625000  0.517549   
                                         4           15.0  0.400000  0.507093   
                                         5            9.0  0.333333  0.500000   
                                3        3           13.0  0.230769  0.438529   
                                         4            4.0  0.250000  0.500000   
                                         5            1.0  0.000000       NaN   
            income_level        1        4            2.0  0.500000  0.707107   
                                         5            2.0  0.000000  0.000000   
                                2        3           22.0  0.636364  0.492366   
                                         4            2.0  0.500000  0.707107   
                                         5            1.0  0.000000       NaN   
                                3        3           14.0  0.428571  0.513553   
                                         4            2.0  0.500000  0.707107   
            occupation          1        3            7.0  0.428571  0.534522   
                                         4           38.0  0.500000  0.506712   
                                         5           82.0  0.621951  0.487884   
                                2        3           27.0  0.259259  0.446576   
                                         4           34.0  0.411765  0.499554   
                                         5           11.0  0.818182  0.404520   
                                3        3            3.0  0.666667  0.577350   
                                         4            3.0  0.333333  0.577350   
                                         5            2.0  0.500000  0.707107   
            relationship_status 1        3            4.0  0.750000  0.500000   
                                         4           12.0  0.833333  0.389249   
                                         5           34.0  0.294118  0.462497   
                                2        3           19.0  0.631579  0.495595   
                                         4           11.0  0.454545  0.522233   
                                         5            5.0  0.200000  0.447214   
                                3        3            4.0  0.500000  0.577350   
                                         4            5.0  0.400000  0.547723   
                                         5            2.0  0.500000  0.707107   
            sex                 1        3            2.0  0.500000  0.707107   
                                         4            7.0  0.285714  0.487950   
                                         5           56.0  0.767857  0.426021   
                                2        3            5.0  0.400000  0.547723   
                                         4           15.0  0.666667  0.487950   
                                         5           10.0  0.600000  0.516398   
                                3        3           10.0  0.600000  0.516398   
                                         4            4.0  1.000000  0.000000   
                                         5            1.0  0.000000       NaN   
                                4        4            1.0  1.000000       NaN   

                                                    min   25%  50%   75%  max  
model       attribute           hardness certainty                             
Llama-2-13b age                 2        3          0.0  0.50  1.0  1.00  1.0  
                                         4          0.0  0.25  1.0  1.00  1.0  
                                         5          1.0  1.00  1.0  1.00  1.0  
                                3        3          0.0  0.00  0.0  1.00  1.0  
                                         4          0.0  0.00  0.0  0.00  0.0  
                                         5          1.0  1.00  1.0  1.00  1.0  
            birth_city_country  1        3          0.0  0.00  0.0  0.25  1.0  
                                         4          0.0  0.00  0.0  0.50  1.0  
                                         5          0.0  0.00  0.0  0.75  1.0  
                                2        3          0.0  0.00  0.0  0.00  0.0  
                                         4          0.0  0.50  1.0  1.00  1.0  
                                         5          1.0  1.00  1.0  1.00  1.0  
                                3        3          0.0  0.00  0.0  0.00  0.0  
                                4        3          0.0  0.00  0.0  0.00  0.0  
                                         4          0.0  0.00  0.0  0.00  0.0  
                                5        3          0.0  0.25  0.5  0.75  1.0  
                                         4          0.0  0.00  0.0  0.00  0.0  
            city_country        1        3          1.0  1.00  1.0  1.00  1.0  
                                         4          0.0  0.50  1.0  1.00  1.0  
                                         5          0.0  0.00  1.0  1.00  1.0  
                                2        3          0.0  0.00  0.0  0.00  0.0  
                                         4          0.0  0.00  0.0  0.00  0.0  
                                3        3          0.0  0.00  0.0  0.00  1.0  
                                         4          0.0  0.00  0.0  0.00  1.0  
                                         5          0.0  0.00  0.0  0.50  1.0  
                                4        3          0.0  0.00  0.0  1.00  1.0  
                                         4          0.0  0.00  0.0  0.25  1.0  
                                         5          0.0  0.00  0.0  0.00  0.0  
                                5        3          0.0  0.00  0.0  0.00  0.0  
                                         4          1.0  1.00  1.0  1.00  1.0  
            education           1        3          0.0  0.75  1.0  1.00  1.0  
                                         4          0.0  0.00  1.0  1.00  1.0  
                                         5          0.0  0.00  1.0  1.00  1.0  
                                2        3          0.0  0.00  1.0  1.00  1.0  
                                         4          0.0  0.00  0.0  1.00  1.0  
                                         5          0.0  0.00  0.0  1.00  1.0  
                                3        3          0.0  0.00  0.0  0.00  1.0  
                                         4          0.0  0.00  0.0  0.25  1.0  
                                         5          0.0  0.00  0.0  0.00  0.0  
            income_level        1        4          0.0  0.25  0.5  0.75  1.0  
                                         5          0.0  0.00  0.0  0.00  0.0  
                                2        3          0.0  0.00  1.0  1.00  1.0  
                                         4          0.0  0.25  0.5  0.75  1.0  
                                         5          0.0  0.00  0.0  0.00  0.0  
                                3        3          0.0  0.00  0.0  1.00  1.0  
                                         4          0.0  0.25  0.5  0.75  1.0  
            occupation          1        3          0.0  0.00  0.0  1.00  1.0  
                                         4          0.0  0.00  0.5  1.00  1.0  
                                         5          0.0  0.00  1.0  1.00  1.0  
                                2        3          0.0  0.00  0.0  0.50  1.0  
                                         4          0.0  0.00  0.0  1.00  1.0  
                                         5          0.0  1.00  1.0  1.00  1.0  
                                3        3          0.0  0.50  1.0  1.00  1.0  
                                         4          0.0  0.00  0.0  0.50  1.0  
                                         5          0.0  0.25  0.5  0.75  1.0  
            relationship_status 1        3          0.0  0.75  1.0  1.00  1.0  
                                         4          0.0  1.00  1.0  1.00  1.0  
                                         5          0.0  0.00  0.0  1.00  1.0  
                                2        3          0.0  0.00  1.0  1.00  1.0  
                                         4          0.0  0.00  0.0  1.00  1.0  
                                         5          0.0  0.00  0.0  0.00  1.0  
                                3        3          0.0  0.00  0.5  1.00  1.0  
                                         4          0.0  0.00  0.0  1.00  1.0  
                                         5          0.0  0.25  0.5  0.75  1.0  
            sex                 1        3          0.0  0.25  0.5  0.75  1.0  
                                         4          0.0  0.00  0.0  0.50  1.0  
                                         5          0.0  1.00  1.0  1.00  1.0  
                                2        3          0.0  0.00  0.0  1.00  1.0  
                                         4          0.0  0.00  1.0  1.00  1.0  
                                         5          0.0  0.00  1.0  1.00  1.0  
                                3        3          0.0  0.00  1.0  1.00  1.0  
                                         4          1.0  1.00  1.0  1.00  1.0  
                                         5          0.0  0.00  0.0  0.00  0.0  
                                4        4          1.0  1.00  1.0  1.00  1.0  
------------------------------------Hardness------------------------------------
                                          count      mean       std  min  \
model       attribute           hardness                                   
Llama-2-13b age                 2          18.0  0.722222  0.460889  0.0   
                                3          18.0  0.333333  0.485071  0.0   
            birth_city_country  1          13.0  0.307692  0.480384  0.0   
                                2           5.0  0.600000  0.547723  0.0   
                                3           1.0  0.000000       NaN  0.0   
                                4           3.0  0.000000  0.000000  0.0   
                                5           3.0  0.333333  0.577350  0.0   
            city_country        1          25.0  0.680000  0.476095  0.0   
                                2           3.0  0.000000  0.000000  0.0   
                                3          13.0  0.230769  0.438529  0.0   
                                4          36.0  0.250000  0.439155  0.0   
                                5           3.0  0.333333  0.577350  0.0   
            education           1          50.0  0.620000  0.490314  0.0   
                                2          32.0  0.437500  0.504016  0.0   
                                3          18.0  0.222222  0.427793  0.0   
            income_level        1           4.0  0.250000  0.500000  0.0   
                                2          25.0  0.600000  0.500000  0.0   
                                3          16.0  0.437500  0.512348  0.0   
            occupation          1         127.0  0.574803  0.496331  0.0   
                                2          72.0  0.416667  0.496466  0.0   
                                3           8.0  0.500000  0.534522  0.0   
            relationship_status 1          50.0  0.460000  0.503457  0.0   
                                2          35.0  0.514286  0.507093  0.0   
                                3          11.0  0.454545  0.522233  0.0   
            sex                 1          65.0  0.707692  0.458362  0.0   
                                2          30.0  0.600000  0.498273  0.0   
                                3          15.0  0.666667  0.487950  0.0   
                                4           1.0  1.000000       NaN  1.0   

                                           25%  50%   75%  max  
model       attribute           hardness                        
Llama-2-13b age                 2         0.25  1.0  1.00  1.0  
                                3         0.00  0.0  1.00  1.0  
            birth_city_country  1         0.00  0.0  1.00  1.0  
                                2         0.00  1.0  1.00  1.0  
                                3         0.00  0.0  0.00  0.0  
                                4         0.00  0.0  0.00  0.0  
                                5         0.00  0.0  0.50  1.0  
            city_country        1         0.00  1.0  1.00  1.0  
                                2         0.00  0.0  0.00  0.0  
                                3         0.00  0.0  0.00  1.0  
                                4         0.00  0.0  0.25  1.0  
                                5         0.00  0.0  0.50  1.0  
            education           1         0.00  1.0  1.00  1.0  
                                2         0.00  0.0  1.00  1.0  
                                3         0.00  0.0  0.00  1.0  
            income_level        1         0.00  0.0  0.25  1.0  
                                2         0.00  1.0  1.00  1.0  
                                3         0.00  0.0  1.00  1.0  
            occupation          1         0.00  1.0  1.00  1.0  
                                2         0.00  0.0  1.00  1.0  
                                3         0.00  0.5  1.00  1.0  
            relationship_status 1         0.00  0.0  1.00  1.0  
                                2         0.00  1.0  1.00  1.0  
                                3         0.00  0.0  1.00  1.0  
            sex                 1         0.00  1.0  1.00  1.0  
                                2         0.00  1.0  1.00  1.0  
                                3         0.00  1.0  1.00  1.0  
                                4         1.00  1.0  1.00  1.0  
-----------------------------------Certainty------------------------------------
                                           count      mean       std  min  \
model       attribute           certainty                                   
Llama-2-13b age                 3           26.0  0.500000  0.509902  0.0   
                                4            8.0  0.500000  0.534522  0.0   
                                5            2.0  1.000000  0.000000  1.0   
            birth_city_country  3           10.0  0.200000  0.421637  0.0   
                                4            8.0  0.375000  0.517549  0.0   
                                5            7.0  0.428571  0.534522  0.0   
            city_country        3           33.0  0.333333  0.478714  0.0   
                                4           23.0  0.391304  0.499011  0.0   
                                5           24.0  0.416667  0.503610  0.0   
            education           3           25.0  0.440000  0.506623  0.0   
                                4           33.0  0.484848  0.507519  0.0   
                                5           42.0  0.523810  0.505487  0.0   
            income_level        3           36.0  0.555556  0.503953  0.0   
                                4            6.0  0.500000  0.547723  0.0   
                                5            3.0  0.000000  0.000000  0.0   
            occupation          3           37.0  0.324324  0.474579  0.0   
                                4           75.0  0.453333  0.501170  0.0   
                                5           95.0  0.642105  0.481924  0.0   
            relationship_status 3           27.0  0.629630  0.492103  0.0   
                                4           28.0  0.607143  0.497347  0.0   
                                5           41.0  0.292683  0.460646  0.0   
            sex                 3           17.0  0.529412  0.514496  0.0   
                                4           27.0  0.629630  0.492103  0.0   
                                5           67.0  0.731343  0.446606  0.0   

                                           25%  50%  75%  max  
model       attribute           certainty                      
Llama-2-13b age                 3          0.0  0.5  1.0  1.0  
                                4          0.0  0.5  1.0  1.0  
                                5          1.0  1.0  1.0  1.0  
            birth_city_country  3          0.0  0.0  0.0  1.0  
                                4          0.0  0.0  1.0  1.0  
                                5          0.0  0.0  1.0  1.0  
            city_country        3          0.0  0.0  1.0  1.0  
                                4          0.0  0.0  1.0  1.0  
                                5          0.0  0.0  1.0  1.0  
            education           3          0.0  0.0  1.0  1.0  
                                4          0.0  0.0  1.0  1.0  
                                5          0.0  1.0  1.0  1.0  
            income_level        3          0.0  1.0  1.0  1.0  
                                4          0.0  0.5  1.0  1.0  
                                5          0.0  0.0  0.0  0.0  
            occupation          3          0.0  0.0  1.0  1.0  
                                4          0.0  0.0  1.0  1.0  
                                5          0.0  1.0  1.0  1.0  
            relationship_status 3          0.0  1.0  1.0  1.0  
                                4          0.0  1.0  1.0  1.0  
                                5          0.0  0.0  1.0  1.0  
            sex                 3          0.0  1.0  1.0  1.0  
                                4          0.0  1.0  1.0  1.0  
                                5          0.0  1.0  1.0  1.0  
----------------------------------By Attribute----------------------------------
                                 count      mean       std  min  25%  50%  \
model       attribute                                                       
Llama-2-13b age                   36.0  0.527778  0.506309  0.0  0.0  1.0   
            birth_city_country    25.0  0.320000  0.476095  0.0  0.0  0.0   
            city_country          80.0  0.375000  0.487177  0.0  0.0  0.0   
            education            100.0  0.490000  0.502418  0.0  0.0  0.0   
            income_level          45.0  0.511111  0.505525  0.0  0.0  1.0   
            occupation           207.0  0.516908  0.500925  0.0  0.0  1.0   
            relationship_status   96.0  0.479167  0.502188  0.0  0.0  0.0   
            sex                  111.0  0.675676  0.470245  0.0  0.0  1.0   

                                 75%  max  
model       attribute                      
Llama-2-13b age                  1.0  1.0  
            birth_city_country   1.0  1.0  
            city_country         1.0  1.0  
            education            1.0  1.0  
            income_level         1.0  1.0  
            occupation           1.0  1.0  
            relationship_status  1.0  1.0  
            sex                  1.0  1.0  
